[ 7540.530543257, [ '/minibee/data', 1, 0.4786961376667, 0.47930654883385, 0.50579905509949 ] ]
[ 7540.603919438, [ '/minibee/data', 1, 0.47894030809402, 0.47552192211151, 0.50592112541199 ] ]
[ 7540.673200301, [ '/minibee/data', 1, 0.47771945595741, 0.47515565156937, 0.50653153657913 ] ]
[ 7540.827092376, [ '/minibee/data', 1, 0.47674277424812, 0.47918447852135, 0.50579905509949 ] ]
[ 7540.889592367, [ '/minibee/data', 1, 0.47808569669724, 0.48357954621315, 0.50726407766342 ] ]
[ 7540.953413417, [ '/minibee/data', 1, 0.47698694467545, 0.48064950108528, 0.50738614797592 ] ]
[ 7540.995544676, [ '/minibee/data', 1, 0.47747528553009, 0.48174825310707, 0.50836282968521 ] ]
[ 7541.079750562, [ '/minibee/data', 1, 0.47576609253883, 0.48223659396172, 0.50994992256165 ] ]
[ 7541.142296754, [ '/minibee/data', 1, 0.47625443339348, 0.48211452364922, 0.50897324085236 ] ]
[ 7541.234120295, [ '/minibee/data', 1, 0.47613233327866, 0.48357954621315, 0.509217441082 ] ]
[ 7541.907535312, [ '/minibee/data', 2, 0.47039434313774, 0.50311315059662, 0.48577708005905 ] ]
[ 7541.937887524, [ '/minibee/data', 1, 0.47967281937599, 0.48992797732353, 0.51666462421417 ] ]
[ 7541.979768354, [ '/minibee/data', 2, 0.47185936570168, 0.50225859880447, 0.48443412780762 ] ]
[ 7541.98077865, [ '/minibee/data', 1, 0.47784152626991, 0.49053838849068, 0.51751923561096 ] ]
[ 7542.022651812, [ '/minibee/data', 2, 0.47124892473221, 0.50372362136841, 0.48296910524368 ] ]
[ 7542.034284731, [ '/minibee/data', 1, 0.47771945595741, 0.48992797732353, 0.5189842581749 ] ]
[ 7542.086310243, [ '/minibee/data', 2, 0.46953973174095, 0.50360149145126, 0.48321327567101 ] ]
[ 7542.09804191, [ '/minibee/data', 1, 0.47930654883385, 0.49053838849068, 0.5189842581749 ] ]
[ 7542.151194095, [ '/minibee/data', 2, 0.46978390216827, 0.50311315059662, 0.48235869407654 ] ]
[ 7542.162779965, [ '/minibee/data', 1, 0.47894030809402, 0.49127089977264, 0.52118176221848 ] ]
[ 7542.215992704, [ '/minibee/data', 2, 0.47173726558685, 0.5049444437027, 0.48077157139778 ] ]
[ 7542.278588222, [ '/minibee/data', 2, 0.47088268399239, 0.50323528051376, 0.48138201236725 ] ]
[ 7542.341029267, [ '/minibee/data', 2, 0.47124892473221, 0.5047003030777, 0.48040533065796 ] ]
[ 7542.423758552, [ '/minibee/data', 2, 0.47124892473221, 0.50567698478699, 0.48052740097046 ] ]
[ 7542.487309039, [ '/minibee/data', 2, 0.47100475430489, 0.50396776199341, 0.48052740097046 ] ]
[ 7542.677575469, [ '/minibee/data', 1, 0.48211452364922, 0.49688681960106, 0.52301305532455 ] ]
[ 7542.710414337, [ '/minibee/data', 2, 0.47613233327866, 0.50677573680878, 0.47747528553009 ] ]
[ 7542.732196103, [ '/minibee/data', 1, 0.48284703493118, 0.49554389715195, 0.5235013961792 ] ]
[ 7542.801787177, [ '/minibee/data', 1, 0.48431205749512, 0.49456721544266, 0.52313512563705 ] ]
[ 7542.833867104, [ '/minibee/data', 2, 0.47552192211151, 0.50531071424484, 0.47710901498795 ] ]
[ 7542.866041136, [ '/minibee/data', 1, 0.48406788706779, 0.49652057886124, 0.5232572555542 ] ]
[ 7542.898350972, [ '/minibee/data', 2, 0.47674277424812, 0.50665366649628, 0.47674277424812 ] ]
[ 7542.931976767, [ '/minibee/data', 1, 0.48431205749512, 0.49456721544266, 0.52435600757599 ] ]
[ 7542.985003071, [ '/minibee/data', 2, 0.47710901498795, 0.50750821828842, 0.47552192211151 ] ]
[ 7542.996387366, [ '/minibee/data', 1, 0.48553290963173, 0.49713099002838, 0.52545475959778 ] ]
[ 7543.02838691, [ '/minibee/data', 2, 0.47723111510277, 0.50726407766342, 0.4744231402874 ] ]
[ 7543.060026609, [ '/minibee/data', 1, 0.48406788706779, 0.49676474928856, 0.52545475959778 ] ]
[ 7543.091905925, [ '/minibee/data', 2, 0.47601026296616, 0.5049444437027, 0.47369062900543 ] ]
[ 7543.123572105, [ '/minibee/data', 1, 0.48492246866226, 0.49481138586998, 0.52740812301636 ] ]
[ 7543.15549006, [ '/minibee/data', 2, 0.47698694467545, 0.50653153657913, 0.47283604741096 ] ]
[ 7543.18817036, [ '/minibee/data', 1, 0.48675376176834, 0.49749726057053, 0.52655351161957 ] ]
[ 7543.219978883, [ '/minibee/data', 2, 0.47857403755188, 0.50677573680878, 0.47405689954758 ] ]
[ 7543.250043659, [ '/minibee/data', 1, 0.48687583208084, 0.49932852387428, 0.52545475959778 ] ]
[ 7543.29198263, [ '/minibee/data', 2, 0.48040533065796, 0.50750821828842, 0.47527775168419 ] ]
[ 7543.314229799, [ '/minibee/data', 1, 0.48773044347763, 0.49920645356178, 0.52594310045242 ] ]
[ 7543.356274456, [ '/minibee/data', 2, 0.48138201236725, 0.50677573680878, 0.47405689954758 ] ]
[ 7543.367848247, [ '/minibee/data', 1, 0.48809668421745, 0.49908435344696, 0.52594310045242 ] ]
[ 7543.426342547, [ '/minibee/data', 2, 0.48125991225243, 0.50592112541199, 0.47344645857811 ] ]
[ 7543.428035607, [ '/minibee/data', 1, 0.48956170678139, 0.49981686472893, 0.52521061897278 ] ]
[ 7543.530391879, [ '/minibee/data', 1, 0.4906604886055, 0.49969479441643, 0.52557682991028 ] ]
[ 7543.643460193, [ '/minibee/data', 1, 0.49188134074211, 0.49676474928856, 0.52582103013992 ] ]
[ 7543.706678216, [ '/minibee/data', 1, 0.49761933088303, 0.49810767173767, 0.52704185247421 ] ]
[ 7543.762391584, [ '/minibee/data', 1, 0.49542179703712, 0.49957269430161, 0.52740812301636 ] ]
[ 7543.826310299, [ '/minibee/data', 1, 0.49859601259232, 0.49969479441643, 0.52740812301636 ] ]
[ 7543.88987442, [ '/minibee/data', 1, 0.50030523538589, 0.49529972672462, 0.53094857931137 ] ]
[ 7543.942054197, [ '/minibee/data', 1, 0.50030523538589, 0.49676474928856, 0.53131484985352 ] ]
[ 7544.025592717, [ '/minibee/data', 1, 0.50079357624054, 0.49835184216499, 0.52923941612244 ] ]
[ 7544.088678565, [ '/minibee/data', 1, 0.50006103515625, 0.49346843361855, 0.52911734580994 ] ]
[ 7544.163025667, [ '/minibee/data', 1, 0.49969479441643, 0.49420094490051, 0.52679771184921 ] ]
[ 7544.348410219, [ '/minibee/data', 2, 0.48943963646889, 0.49652057886124, 0.46563300490379 ] ]
[ 7544.420945618, [ '/minibee/data', 2, 0.48870712518692, 0.49615430831909, 0.46807470917702 ] ]
[ 7544.504305738, [ '/minibee/data', 2, 0.48980587720871, 0.49542179703712, 0.46892932057381 ] ]
[ 7544.626438834, [ '/minibee/data', 2, 0.49041631817818, 0.49554389715195, 0.46660968661308 ] ]
[ 7544.699131206, [ '/minibee/data', 2, 0.49261385202408, 0.49664264917374, 0.464534252882 ] ]
[ 7544.762541563, [ '/minibee/data', 2, 0.49163717031479, 0.49822977185249, 0.46709802746773 ] ]
[ 7544.825982593, [ '/minibee/data', 2, 0.49212551116943, 0.49859601259232, 0.46612134575844 ] ]
[ 7544.888391117, [ '/minibee/data', 2, 0.49236968159676, 0.49822977185249, 0.46514466404915 ] ]
[ 7544.95071755, [ '/minibee/data', 2, 0.49212551116943, 0.49786350131035, 0.46953973174095 ] ]
[ 7545.236930312, [ '/minibee/data', 1, 0.50274693965912, 0.49847394227982, 0.527652323246 ] ]
[ 7545.250791554, [ '/minibee/data', 2, 0.49456721544266, 0.50091564655304, 0.46697595715523 ] ]
[ 7545.426832632, [ '/minibee/data', 1, 0.50164812803268, 0.49920645356178, 0.52887314558029 ] ]
[ 7545.449359485, [ '/minibee/data', 2, 0.49432304501534, 0.50067144632339, 0.46819680929184 ] ]
[ 7545.491098988, [ '/minibee/data', 1, 0.5047003030777, 0.50006103515625, 0.52838480472565 ] ]
[ 7546.074241255, [ '/minibee/data', 1, 0.50592112541199, 0.50518864393234, 0.5280185341835 ] ]
[ 7546.137390385, [ '/minibee/data', 1, 0.50628739595413, 0.50201439857483, 0.52606517076492 ] ]
[ 7546.418661793, [ '/minibee/data', 1, 0.50714200735092, 0.50518864393234, 0.52875107526779 ] ]
[ 7546.695919945, [ '/minibee/data', 1, 0.50836282968521, 0.50897324085236, 0.53046023845673 ] ]
[ 7546.759196137, [ '/minibee/data', 1, 0.50897324085236, 0.50555485486984, 0.52887314558029 ] ]
[ 7546.821567456, [ '/minibee/data', 1, 0.50970578193665, 0.5050665140152, 0.52643144130707 ] ]
[ 7547.130289743, [ '/minibee/data', 1, 0.50848489999771, 0.5047003030777, 0.52582103013992 ] ]
[ 7547.193691824, [ '/minibee/data', 1, 0.50775241851807, 0.50543278455734, 0.52508848905563 ] ]
[ 7547.256138438, [ '/minibee/data', 1, 0.50885117053986, 0.50421196222305, 0.52716398239136 ] ]
[ 7547.32013707, [ '/minibee/data', 1, 0.51153707504272, 0.50726407766342, 0.52691978216171 ] ]
[ 7547.426950423, [ '/minibee/data', 1, 0.51104873418808, 0.50543278455734, 0.52557682991028 ] ]
[ 7547.46905702, [ '/minibee/data', 1, 0.51129287481308, 0.5047003030777, 0.52691978216171 ] ]
[ 7547.526836536, [ '/minibee/data', 1, 0.51190328598022, 0.50677573680878, 0.527896463871 ] ]
[ 7547.589301496, [ '/minibee/data', 1, 0.51397877931595, 0.50543278455734, 0.52594310045242 ] ]
[ 7547.651660873, [ '/minibee/data', 1, 0.5137345790863, 0.50579905509949, 0.52545475959778 ] ]
[ 7547.724985399, [ '/minibee/data', 1, 0.51568794250488, 0.50811868906021, 0.52398973703384 ] ]
[ 7547.874941787, [ '/minibee/data', 1, 0.52093762159348, 0.49981686472893, 0.52716398239136 ] ]
[ 7547.928194345, [ '/minibee/data', 1, 0.52008301019669, 0.50347942113876, 0.51410084962845 ] ]
[ 7548.540867433, [ '/minibee/data', 2, 0.50714200735092, 0.49236968159676, 0.52936148643494 ] ]
[ 7548.600412974, [ '/minibee/data', 2, 0.50775241851807, 0.49578806757927, 0.52997189760208 ] ]
[ 7550.70955304, [ '/minibee/data', 2, 0.5048223733902, 0.49871811270714, 0.52728605270386 ] ]
[ 7551.051092034, [ '/minibee/data', 2, 0.50335735082626, 0.49957269430161, 0.52472227811813 ] ]
[ 7551.115244546, [ '/minibee/data', 2, 0.50250273942947, 0.49932852387428, 0.52618730068207 ] ]
[ 7551.177827949, [ '/minibee/data', 2, 0.50054937601089, 0.49945062398911, 0.52508848905563 ] ]
[ 7551.239989508, [ '/minibee/data', 2, 0.50103771686554, 0.50018310546875, 0.52594310045242 ] ]
[ 7551.415177035, [ '/minibee/data', 1, 0.48895129561424, 0.48797461390495, 0.472103536129 ] ]
[ 7551.467419264, [ '/minibee/data', 2, 0.50299108028412, 0.49786350131035, 0.5280185341835 ] ]
[ 7551.956946261, [ '/minibee/data', 1, 0.48943963646889, 0.48773044347763, 0.47246977686882 ] ]
[ 7552.039666798, [ '/minibee/data', 1, 0.48907336592674, 0.48736417293549, 0.47405689954758 ] ]
[ 7552.09180233, [ '/minibee/data', 1, 0.48919546604156, 0.48785251379013, 0.47308021783829 ] ]
[ 7552.500691017, [ '/minibee/data', 1, 0.48748627305031, 0.49249175190926, 0.47051641345024 ] ]
[ 7552.564897104, [ '/minibee/data', 1, 0.48760834336281, 0.50006103515625, 0.46722012758255 ] ]
[ 7552.628418997, [ '/minibee/data', 1, 0.48809668421745, 0.49847394227982, 0.46941766142845 ] ]
[ 7552.701184131, [ '/minibee/data', 1, 0.48809668421745, 0.49896228313446, 0.47234770655632 ] ]
[ 7552.760131921, [ '/minibee/data', 1, 0.48785251379013, 0.50408983230591, 0.46978390216827 ] ]
[ 7552.822755722, [ '/minibee/data', 1, 0.48834085464478, 0.50640946626663, 0.47039434313774 ] ]
[ 7552.885784707, [ '/minibee/data', 1, 0.48992797732353, 0.50824075937271, 0.47149309515953 ] ]
[ 7552.958826894, [ '/minibee/data', 1, 0.49017214775085, 0.50763034820557, 0.47173726558685 ] ]
[ 7553.022120791, [ '/minibee/data', 1, 0.48992797732353, 0.51434499025345, 0.46917349100113 ] ]
[ 7553.084241957, [ '/minibee/data', 1, 0.48980587720871, 0.51287996768951, 0.4700280725956 ] ]
[ 7553.14646564, [ '/minibee/data', 1, 0.49200341105461, 0.51544380187988, 0.472103536129 ] ]
[ 7553.208658594, [ '/minibee/data', 1, 0.49053838849068, 0.51776337623596, 0.47063851356506 ] ]
[ 7553.271099347, [ '/minibee/data', 1, 0.49188134074211, 0.5235013961792, 0.47124892473221 ] ]
[ 7553.333454645, [ '/minibee/data', 1, 0.49456721544266, 0.52386766672134, 0.47613233327866 ] ]
[ 7553.417847805, [ '/minibee/data', 1, 0.49676474928856, 0.52984982728958, 0.4808936715126 ] ]
[ 7553.476531394, [ '/minibee/data', 1, 0.50054937601089, 0.52569895982742, 0.48919546604156 ] ]
[ 7553.508689335, [ '/minibee/data', 2, 0.51544380187988, 0.52203637361526, 0.49676474928856 ] ]
[ 7553.540238362, [ '/minibee/data', 1, 0.50445610284805, 0.52814066410065, 0.49334636330605 ] ]
[ 7553.572092339, [ '/minibee/data', 2, 0.51434499025345, 0.52191430330276, 0.48577708005905 ] ]
[ 7553.604200935, [ '/minibee/data', 1, 0.50665366649628, 0.52630937099457, 0.50006103515625 ] ]
[ 7553.625958791, [ '/minibee/data', 2, 0.51532167196274, 0.52398973703384, 0.48406788706779 ] ]
[ 7553.657846667, [ '/minibee/data', 1, 0.50970578193665, 0.53216946125031, 0.50311315059662 ] ]
[ 7553.689741336, [ '/minibee/data', 2, 0.51690882444382, 0.52215844392776, 0.47246977686882 ] ]
[ 7553.74202519, [ '/minibee/data', 1, 0.51312416791916, 0.53461116552353, 0.50763034820557 ] ]
[ 7553.755228202, [ '/minibee/data', 2, 0.51080453395844, 0.51715296506882, 0.47137102484703 ] ]
[ 7553.817455309, [ '/minibee/data', 2, 0.50824075937271, 0.5138566493988, 0.46612134575844 ] ]
[ 7553.972706177, [ '/minibee/data', 2, 0.49920645356178, 0.51019412279129, 0.46880722045898 ] ]
[ 7554.024913737, [ '/minibee/data', 2, 0.49249175190926, 0.50396776199341, 0.46624344587326 ] ]
[ 7554.088825506, [ '/minibee/data', 2, 0.49236968159676, 0.50360149145126, 0.46734219789505 ] ]
[ 7554.151934721, [ '/minibee/data', 2, 0.48541080951691, 0.49896228313446, 0.46917349100113 ] ]
[ 7554.215001906, [ '/minibee/data', 2, 0.48467829823494, 0.49810767173767, 0.46819680929184 ] ]
[ 7555.142856623, [ '/minibee/data', 1, 0.47991698980331, 0.49627640843391, 0.48394578695297 ] ]
[ 7555.246793698, [ '/minibee/data', 1, 0.47710901498795, 0.50054937601089, 0.47979488968849 ] ]
[ 7555.33979287, [ '/minibee/data', 1, 0.4722256064415, 0.49945062398911, 0.48712000250816 ] ]
[ 7555.348496774, [ '/minibee/data', 2, 0.48357954621315, 0.50408983230591, 0.52081555128098 ] ]
[ 7555.482711803, [ '/minibee/data', 1, 0.47478941082954, 0.5050665140152, 0.49615430831909 ] ]
[ 7555.546829264, [ '/minibee/data', 1, 0.46917349100113, 0.50115978717804, 0.49481138586998 ] ]
[ 7555.690426878, [ '/minibee/data', 1, 0.47234770655632, 0.5050665140152, 0.50018310546875 ] ]
[ 7555.748885454, [ '/minibee/data', 1, 0.47198143601418, 0.50238066911697, 0.5049444437027 ] ]
[ 7555.831855335, [ '/minibee/data', 1, 0.47198143601418, 0.50189232826233, 0.51080453395844 ] ]
[ 7555.884048172, [ '/minibee/data', 1, 0.46966183185577, 0.50103771686554, 0.51104873418808 ] ]
[ 7555.926096223, [ '/minibee/data', 2, 0.47271394729614, 0.51788550615311, 0.50152605772018 ] ]
[ 7555.948393323, [ '/minibee/data', 1, 0.47039434313774, 0.50250273942947, 0.51483333110809 ] ]
[ 7555.98031485, [ '/minibee/data', 2, 0.46953973174095, 0.51593214273453, 0.49993896484375 ] ]
[ 7556.043410099, [ '/minibee/data', 2, 0.47112685441971, 0.51849591732025, 0.50103771686554 ] ]
[ 7556.106643614, [ '/minibee/data', 2, 0.472103536129, 0.51739716529846, 0.4972530901432 ] ]
[ 7556.191060363, [ '/minibee/data', 2, 0.4722256064415, 0.51519960165024, 0.49627640843391 ] ]
[ 7556.253766179, [ '/minibee/data', 2, 0.4722256064415, 0.51471126079559, 0.50018310546875 ] ]
[ 7556.316419068, [ '/minibee/data', 2, 0.46868515014648, 0.51458919048309, 0.49371260404587 ] ]
[ 7556.379122291, [ '/minibee/data', 2, 0.47015017271042, 0.5138566493988, 0.49420094490051 ] ]
[ 7556.442088113, [ '/minibee/data', 2, 0.47039434313774, 0.51312416791916, 0.49053838849068 ] ]
[ 7556.504486516, [ '/minibee/data', 2, 0.46892932057381, 0.51153707504272, 0.4929800927639 ] ]
[ 7556.613074849, [ '/minibee/data', 2, 0.4700280725956, 0.51300209760666, 0.49041631817818 ] ]
[ 7556.677095736, [ '/minibee/data', 2, 0.472103536129, 0.51397877931595, 0.48736417293549 ] ]
[ 7557.420728942, [ '/minibee/data', 1, 0.48821878433228, 0.51129287481308, 0.51519960165024 ] ]
[ 7557.461188954, [ '/minibee/data', 2, 0.490782558918, 0.5233793258667, 0.48040533065796 ] ]
[ 7557.645419906, [ '/minibee/data', 2, 0.51092660427094, 0.52301305532455, 0.48321327567101 ] ]
[ 7557.719892553, [ '/minibee/data', 1, 0.51715296506882, 0.53509950637817, 0.49969479441643 ] ]
[ 7557.77500814, [ '/minibee/data', 1, 0.50347942113876, 0.53107070922852, 0.48870712518692 ] ]
[ 7557.786309155, [ '/minibee/data', 2, 0.51336830854416, 0.52167010307312, 0.49041631817818 ] ]
[ 7557.838657056, [ '/minibee/data', 1, 0.50970578193665, 0.53387862443924, 0.49175924062729 ] ]
[ 7557.839905959, [ '/minibee/data', 2, 0.51874005794525, 0.5236234664917, 0.49114882946014 ] ]
[ 7557.902161438, [ '/minibee/data', 2, 0.52093762159348, 0.52386766672134, 0.49700891971588 ] ]
[ 7557.961147213, [ '/minibee/data', 2, 0.52118176221848, 0.52398973703384, 0.49615430831909 ] ]
[ 7558.023619243, [ '/minibee/data', 2, 0.52032721042633, 0.52203637361526, 0.50006103515625 ] ]
[ 7558.125372056, [ '/minibee/data', 2, 0.52154803276062, 0.52093762159348, 0.50018310546875 ] ]
[ 7558.184948612, [ '/minibee/data', 2, 0.52215844392776, 0.52142596244812, 0.49688681960106 ] ]
[ 7558.237154129, [ '/minibee/data', 2, 0.52020508050919, 0.51568794250488, 0.50262480974197 ] ]
[ 7558.299605755, [ '/minibee/data', 2, 0.52704185247421, 0.51861798763275, 0.50091564655304 ] ]
[ 7558.361939692, [ '/minibee/data', 2, 0.52191430330276, 0.50824075937271, 0.50286900997162 ] ]
[ 7558.426214149, [ '/minibee/data', 2, 0.52960568666458, 0.50885117053986, 0.50054937601089 ] ]
[ 7558.478783946, [ '/minibee/data', 1, 0.5134904384613, 0.51324623823166, 0.48272493481636 ] ]
[ 7558.491955288, [ '/minibee/data', 2, 0.52923941612244, 0.50140398740768, 0.50787448883057 ] ]
[ 7558.533501334, [ '/minibee/data', 1, 0.51861798763275, 0.51190328598022, 0.48602125048637 ] ]
[ 7558.555179293, [ '/minibee/data', 2, 0.53290194272995, 0.50408983230591, 0.49639847874641 ] ]
[ 7558.586999425, [ '/minibee/data', 1, 0.52142596244812, 0.50970578193665, 0.48541080951691 ] ]
[ 7558.618883474, [ '/minibee/data', 2, 0.52960568666458, 0.50079357624054, 0.49969479441643 ] ]
[ 7558.650838978, [ '/minibee/data', 1, 0.5236234664917, 0.51165914535522, 0.48504456877708 ] ]
[ 7558.682682647, [ '/minibee/data', 2, 0.52875107526779, 0.49932852387428, 0.50079357624054 ] ]
[ 7558.714509752, [ '/minibee/data', 1, 0.51629835367203, 0.51287996768951, 0.47515565156937 ] ]
[ 7558.746110172, [ '/minibee/data', 2, 0.52850687503815, 0.49700891971588, 0.49932852387428 ] ]
[ 7558.777981261, [ '/minibee/data', 1, 0.52655351161957, 0.50763034820557, 0.48138201236725 ] ]
[ 7558.809610216, [ '/minibee/data', 2, 0.52606517076492, 0.49053838849068, 0.50323528051376 ] ]
[ 7558.869725017, [ '/minibee/data', 2, 0.52423393726349, 0.49407887458801, 0.50164812803268 ] ]
[ 7558.933266693, [ '/minibee/data', 2, 0.52899521589279, 0.49432304501534, 0.49969479441643 ] ]
[ 7558.997194804, [ '/minibee/data', 2, 0.53180319070816, 0.49102672934532, 0.5047003030777 ] ]
[ 7559.049601144, [ '/minibee/data', 2, 0.53180319070816, 0.48736417293549, 0.50128191709518 ] ]
[ 7559.071145577, [ '/minibee/data', 1, 0.52191430330276, 0.50347942113876, 0.47674277424812 ] ]
[ 7559.114722137, [ '/minibee/data', 2, 0.53204739093781, 0.4885850250721, 0.50189232826233 ] ]
[ 7559.12624863, [ '/minibee/data', 1, 0.51764130592346, 0.50628739595413, 0.47283604741096 ] ]
[ 7559.178435786, [ '/minibee/data', 2, 0.52228057384491, 0.48296910524368, 0.49932852387428 ] ]
[ 7559.179796293, [ '/minibee/data', 1, 0.52386766672134, 0.5048223733902, 0.47747528553009 ] ]
[ 7559.243013438, [ '/minibee/data', 2, 0.5233793258667, 0.48272493481636, 0.50750821828842 ] ]
[ 7559.244347081, [ '/minibee/data', 1, 0.51837384700775, 0.49908435344696, 0.47344645857811 ] ]
[ 7559.306591969, [ '/minibee/data', 2, 0.53033816814423, 0.48760834336281, 0.49639847874641 ] ]
[ 7559.318235227, [ '/minibee/data', 1, 0.52594310045242, 0.50543278455734, 0.4744231402874 ] ]
[ 7559.371548708, [ '/minibee/data', 2, 0.52569895982742, 0.48284703493118, 0.50408983230591 ] ]
[ 7559.433805226, [ '/minibee/data', 2, 0.52569895982742, 0.48357954621315, 0.49493345618248 ] ]
[ 7559.496361791, [ '/minibee/data', 2, 0.52276891469955, 0.47820779681206, 0.5047003030777 ] ]
[ 7559.558518188, [ '/minibee/data', 2, 0.52228057384491, 0.48125991225243, 0.50006103515625 ] ]
[ 7559.631335349, [ '/minibee/data', 2, 0.53351241350174, 0.48052740097046, 0.50103771686554 ] ]
[ 7559.693592297, [ '/minibee/data', 2, 0.54095959663391, 0.47552192211151, 0.50213646888733 ] ]
[ 7559.755964497, [ '/minibee/data', 2, 0.5421804189682, 0.4766206741333, 0.50311315059662 ] ]
[ 7559.814178711, [ '/minibee/data', 2, 0.53558784723282, 0.47710901498795, 0.50311315059662 ] ]
[ 7559.877495991, [ '/minibee/data', 2, 0.52753019332886, 0.47735318541527, 0.50201439857483 ] ]
[ 7559.899153958, [ '/minibee/data', 1, 0.51935052871704, 0.49554389715195, 0.47234770655632 ] ]
[ 7559.931691692, [ '/minibee/data', 2, 0.527652323246, 0.4810157418251, 0.50225859880447 ] ]
[ 7559.943156723, [ '/minibee/data', 1, 0.51959466934204, 0.50067144632339, 0.47381272912025 ] ]
[ 7559.995260515, [ '/minibee/data', 2, 0.5280185341835, 0.48467829823494, 0.50311315059662 ] ]
[ 7560.006962218, [ '/minibee/data', 1, 0.51812964677811, 0.50091564655304, 0.4766206741333 ] ]
[ 7560.059839806, [ '/minibee/data', 2, 0.52630937099457, 0.48773044347763, 0.49774143099785 ] ]
[ 7560.122177034, [ '/minibee/data', 2, 0.52545475959778, 0.48821878433228, 0.49993896484375 ] ]
[ 7560.185298568, [ '/minibee/data', 2, 0.52460014820099, 0.48992797732353, 0.49835184216499 ] ]
[ 7560.24739048, [ '/minibee/data', 2, 0.52630937099457, 0.49163717031479, 0.49627640843391 ] ]
[ 7560.279282354, [ '/minibee/data', 1, 0.53033816814423, 0.51422291994095, 0.48492246866226 ] ]
[ 7560.312216501, [ '/minibee/data', 2, 0.52704185247421, 0.49566596746445, 0.49334636330605 ] ]
[ 7560.344024605, [ '/minibee/data', 1, 0.51190328598022, 0.50018310546875, 0.48565497994423 ] ]
[ 7560.375780288, [ '/minibee/data', 2, 0.52923941612244, 0.49822977185249, 0.49871811270714 ] ]
[ 7560.407658108, [ '/minibee/data', 1, 0.52081555128098, 0.51471126079559, 0.48821878433228 ] ]
[ 7560.439547594, [ '/minibee/data', 2, 0.51996093988419, 0.49749726057053, 0.49261385202408 ] ]
[ 7560.51250009, [ '/minibee/data', 2, 0.51202541589737, 0.50531071424484, 0.48943963646889 ] ]
[ 7560.574871124, [ '/minibee/data', 2, 0.50677573680878, 0.48773044347763, 0.47845196723938 ] ]
[ 7560.80017734, [ '/minibee/data', 2, 0.4766206741333, 0.52606517076492, 0.50201439857483 ] ]
[ 7560.853891115, [ '/minibee/data', 2, 0.48052740097046, 0.53619825839996, 0.48882919549942 ] ]
[ 7560.906235051, [ '/minibee/data', 2, 0.48077157139778, 0.53534364700317, 0.48113784193993 ] ]
[ 7560.968288899, [ '/minibee/data', 2, 0.47674277424812, 0.52960568666458, 0.48931753635406 ] ]
[ 7561.030629425, [ '/minibee/data', 2, 0.48260286450386, 0.53253573179245, 0.48907336592674 ] ]
[ 7561.103025931, [ '/minibee/data', 2, 0.48235869407654, 0.5277743935585, 0.48809668421745 ] ]
[ 7561.165454725, [ '/minibee/data', 2, 0.48235869407654, 0.5232572555542, 0.49212551116943 ] ]
[ 7561.227864607, [ '/minibee/data', 2, 0.48382371664047, 0.52411180734634, 0.48602125048637 ] ]
[ 7561.286359755, [ '/minibee/data', 2, 0.48138201236725, 0.52643144130707, 0.48699793219566 ] ]
[ 7561.350294471, [ '/minibee/data', 2, 0.48162618279457, 0.52411180734634, 0.48760834336281 ] ]
[ 7561.423955899, [ '/minibee/data', 2, 0.48528873920441, 0.52606517076492, 0.48773044347763 ] ]
[ 7561.481418763, [ '/minibee/data', 2, 0.48773044347763, 0.52557682991028, 0.49090465903282 ] ]
[ 7561.543726312, [ '/minibee/data', 2, 0.48223659396172, 0.52374559640884, 0.48931753635406 ] ]
[ 7561.616531423, [ '/minibee/data', 2, 0.48370161652565, 0.52753019332886, 0.49102672934532 ] ]
[ 7561.686289162, [ '/minibee/data', 2, 0.48235869407654, 0.52899521589279, 0.48382371664047 ] ]
[ 7561.760063032, [ '/minibee/data', 2, 0.48577708005905, 0.52923941612244, 0.48931753635406 ] ]
[ 7561.823156349, [ '/minibee/data', 2, 0.48370161652565, 0.53033816814423, 0.48443412780762 ] ]
[ 7561.896289284, [ '/minibee/data', 2, 0.48296910524368, 0.52374559640884, 0.49127089977264 ] ]
[ 7561.962124257, [ '/minibee/data', 2, 0.48211452364922, 0.52594310045242, 0.48882919549942 ] ]
[ 7562.025058083, [ '/minibee/data', 2, 0.48296910524368, 0.52667564153671, 0.48992797732353 ] ]
[ 7562.087248388, [ '/minibee/data', 2, 0.48260286450386, 0.52618730068207, 0.49114882946014 ] ]
[ 7562.160224678, [ '/minibee/data', 2, 0.4862654209137, 0.52875107526779, 0.49615430831909 ] ]
[ 7562.22263809, [ '/minibee/data', 2, 0.48980587720871, 0.53082650899887, 0.50396776199341 ] ]
[ 7562.316208153, [ '/minibee/data', 2, 0.4928580224514, 0.53277987241745, 0.51043826341629 ] ]
[ 7562.398960906, [ '/minibee/data', 1, 0.48223659396172, 0.52142596244812, 0.52386766672134 ] ]
[ 7562.523522222, [ '/minibee/data', 1, 0.48675376176834, 0.52508848905563, 0.51422291994095 ] ]
[ 7562.582276811, [ '/minibee/data', 2, 0.49249175190926, 0.53253573179245, 0.49151507019997 ] ]
[ 7562.598124264, [ '/minibee/data', 1, 0.48785251379013, 0.52252471446991, 0.51275789737701 ] ]
[ 7562.650473187, [ '/minibee/data', 2, 0.49456721544266, 0.53558784723282, 0.48687583208084 ] ]
[ 7563.222554581, [ '/minibee/data', 1, 0.48260286450386, 0.52069342136383, 0.51165914535522 ] ]
[ 7563.296081716, [ '/minibee/data', 1, 0.48382371664047, 0.52484434843063, 0.51446712017059 ] ]
[ 7563.359164185, [ '/minibee/data', 1, 0.48589915037155, 0.52533268928528, 0.51483333110809 ] ]
[ 7563.421581931, [ '/minibee/data', 1, 0.48443412780762, 0.52276891469955, 0.51129287481308 ] ]
[ 7563.48382862, [ '/minibee/data', 1, 0.48614332079887, 0.52179223299026, 0.51129287481308 ] ]
[ 7563.542522443, [ '/minibee/data', 1, 0.48724210262299, 0.52423393726349, 0.51507753133774 ] ]
[ 7563.606550758, [ '/minibee/data', 1, 0.48480039834976, 0.51996093988419, 0.51593214273453 ] ]
[ 7563.670379281, [ '/minibee/data', 1, 0.48431205749512, 0.51959466934204, 0.51568794250488 ] ]
[ 7563.722353389, [ '/minibee/data', 1, 0.48589915037155, 0.51568794250488, 0.52118176221848 ] ]
[ 7563.784753226, [ '/minibee/data', 1, 0.48663166165352, 0.51654255390167, 0.52069342136383 ] ]
[ 7563.847223445, [ '/minibee/data', 1, 0.49102672934532, 0.51312416791916, 0.51434499025345 ] ]
[ 7563.93003536, [ '/minibee/data', 1, 0.49456721544266, 0.50408983230591, 0.49969479441643 ] ]
[ 7563.993369152, [ '/minibee/data', 1, 0.53180319070816, 0.49395677447319, 0.48650959134102 ] ]
[ 7564.343110239, [ '/minibee/data', 1, 0.49969479441643, 0.47637650370598, 0.42949578166008 ] ]
[ 7564.407495217, [ '/minibee/data', 2, 0.53448909521103, 0.51751923561096, 0.50091564655304 ] ]
[ 7564.429230958, [ '/minibee/data', 1, 0.50128191709518, 0.44756439328194, 0.44316932559013 ] ]
[ 7564.512025812, [ '/minibee/data', 1, 0.53802955150604, 0.44732022285461, 0.49102672934532 ] ]
[ 7564.584403389, [ '/minibee/data', 1, 0.53033816814423, 0.46905139088631, 0.48016116023064 ] ]
[ 7564.687359408, [ '/minibee/data', 1, 0.52374559640884, 0.48748627305031, 0.4808936715126 ] ]
[ 7564.974334919, [ '/minibee/data', 1, 0.53204739093781, 0.51226955652237, 0.49017214775085 ] ]
[ 7565.180261069, [ '/minibee/data', 1, 0.50262480974197, 0.46294713020325, 0.48809668421745 ] ]
[ 7565.181434047, [ '/minibee/data', 2, 0.55426687002182, 0.43608838319778, 0.55744111537933 ] ]
[ 7565.242365287, [ '/minibee/data', 1, 0.44573312997818, 0.4481748342514, 0.46941766142845 ] ]
[ 7565.243614537, [ '/minibee/data', 2, 0.53119277954102, 0.46612134575844, 0.53717494010925 ] ]
[ 7565.338454354, [ '/minibee/data', 1, 0.49029421806335, 0.49236968159676, 0.51007205247879 ] ]
[ 7565.390259065, [ '/minibee/data', 1, 0.44487851858139, 0.54584300518036, 0.53497743606567 ] ]
[ 7566.759392797, [ '/minibee/data', 2, 0.4722256064415, 0.51471126079559, 0.48712000250816 ] ]
[ 7566.801486379, [ '/minibee/data', 1, 0.47967281937599, 0.52484434843063, 0.50579905509949 ] ]
[ 7566.999127851, [ '/minibee/data', 1, 0.47857403755188, 0.52301305532455, 0.50604319572449 ] ]
[ 7567.062977494, [ '/minibee/data', 1, 0.47930654883385, 0.52215844392776, 0.50701987743378 ] ]
[ 7567.115340432, [ '/minibee/data', 1, 0.47906237840652, 0.52215844392776, 0.51092660427094 ] ]
[ 7567.177401117, [ '/minibee/data', 1, 0.47771945595741, 0.5233793258667, 0.50811868906021 ] ]
[ 7567.239927005, [ '/minibee/data', 1, 0.4808936715126, 0.52289098501205, 0.50701987743378 ] ]
[ 7567.312757252, [ '/minibee/data', 1, 0.47906237840652, 0.52167010307312, 0.50628739595413 ] ]
[ 7567.375376774, [ '/minibee/data', 1, 0.47930654883385, 0.51935052871704, 0.50726407766342 ] ]
[ 7567.437594986, [ '/minibee/data', 1, 0.47930654883385, 0.51996093988419, 0.50763034820557 ] ]
[ 7567.500294193, [ '/minibee/data', 1, 0.48138201236725, 0.52484434843063, 0.50616532564163 ] ]
[ 7567.56287563, [ '/minibee/data', 1, 0.48040533065796, 0.52118176221848, 0.509217441082 ] ]
[ 7567.625154982, [ '/minibee/data', 1, 0.48077157139778, 0.52301305532455, 0.509217441082 ] ]
[ 7567.697550236, [ '/minibee/data', 1, 0.48077157139778, 0.52093762159348, 0.51190328598022 ] ]
[ 7567.759856752, [ '/minibee/data', 1, 0.48064950108528, 0.52215844392776, 0.50958371162415 ] ]
[ 7567.822272567, [ '/minibee/data', 1, 0.47979488968849, 0.52069342136383, 0.51153707504272 ] ]
[ 7567.884656319, [ '/minibee/data', 1, 0.47955071926117, 0.52228057384491, 0.5093395113945 ] ]
[ 7567.946894064, [ '/minibee/data', 1, 0.47979488968849, 0.51605421304703, 0.51410084962845 ] ]
[ 7568.009530567, [ '/minibee/data', 1, 0.4810157418251, 0.51983886957169, 0.5137345790863 ] ]
[ 7568.071935165, [ '/minibee/data', 1, 0.47918447852135, 0.52020508050919, 0.51519960165024 ] ]
[ 7568.14415188, [ '/minibee/data', 1, 0.48138201236725, 0.51666462421417, 0.5188621878624 ] ]
[ 7568.199398851, [ '/minibee/data', 1, 0.48052740097046, 0.51287996768951, 0.51812964677811 ] ]
[ 7568.279252621, [ '/minibee/data', 1, 0.48321327567101, 0.5093395113945, 0.51751923561096 ] ]
[ 7568.332027431, [ '/minibee/data', 1, 0.48687583208084, 0.50836282968521, 0.51825171709061 ] ]
[ 7568.394336371, [ '/minibee/data', 1, 0.48333537578583, 0.5137345790863, 0.51751923561096 ] ]
[ 7568.456953362, [ '/minibee/data', 1, 0.48357954621315, 0.51422291994095, 0.51874005794525 ] ]
[ 7568.539576388, [ '/minibee/data', 1, 0.48602125048637, 0.51263582706451, 0.52643144130707 ] ]
[ 7568.603683901, [ '/minibee/data', 1, 0.48577708005905, 0.51678669452667, 0.52496641874313 ] ]
[ 7568.666518859, [ '/minibee/data', 1, 0.48443412780762, 0.51800757646561, 0.52716398239136 ] ]
[ 7568.728937571, [ '/minibee/data', 1, 0.48418995738029, 0.51800757646561, 0.52753019332886 ] ]
[ 7568.801188296, [ '/minibee/data', 1, 0.48565497994423, 0.51971673965454, 0.52301305532455 ] ]
[ 7568.863749763, [ '/minibee/data', 1, 0.48382371664047, 0.51568794250488, 0.51996093988419 ] ]
[ 7568.923201108, [ '/minibee/data', 1, 0.48797461390495, 0.5138566493988, 0.51947259902954 ] ]
[ 7568.976151566, [ '/minibee/data', 2, 0.47161519527435, 0.51690882444382, 0.49468928575516 ] ]
[ 7568.999251426, [ '/minibee/data', 1, 0.48455622792244, 0.51214748620987, 0.51764130592346 ] ]
[ 7569.041317947, [ '/minibee/data', 2, 0.47344645857811, 0.5138566493988, 0.49542179703712 ] ]
[ 7569.052610676, [ '/minibee/data', 1, 0.48834085464478, 0.51226955652237, 0.52105969190598 ] ]
[ 7569.127302742, [ '/minibee/data', 1, 0.48821878433228, 0.51410084962845, 0.51959466934204 ] ]
[ 7569.20064762, [ '/minibee/data', 2, 0.47015017271042, 0.51519960165024, 0.49383470416069 ] ]
[ 7569.201779417, [ '/minibee/data', 1, 0.48284703493118, 0.51336830854416, 0.52020508050919 ] ]
[ 7569.259300721, [ '/minibee/data', 1, 0.48394578695297, 0.51605421304703, 0.52093762159348 ] ]
[ 7569.321670553, [ '/minibee/data', 1, 0.48541080951691, 0.51581001281738, 0.52105969190598 ] ]
[ 7569.354277533, [ '/minibee/data', 2, 0.47112685441971, 0.51483333110809, 0.49542179703712 ] ]
[ 7569.386098271, [ '/minibee/data', 1, 0.48528873920441, 0.51556587219238, 0.52020508050919 ] ]
[ 7569.469761728, [ '/minibee/data', 1, 0.48907336592674, 0.51324623823166, 0.52191430330276 ] ]
[ 7569.470949124, [ '/minibee/data', 2, 0.4744231402874, 0.51519960165024, 0.49615430831909 ] ]
[ 7569.534132783, [ '/minibee/data', 1, 0.49090465903282, 0.5137345790863, 0.51812964677811 ] ]
[ 7569.535226931, [ '/minibee/data', 2, 0.47332438826561, 0.51556587219238, 0.49615430831909 ] ]
[ 7569.591789623, [ '/minibee/data', 1, 0.48821878433228, 0.51495546102524, 0.51495546102524 ] ]
[ 7569.655469837, [ '/minibee/data', 1, 0.49175924062729, 0.51446712017059, 0.52313512563705 ] ]
[ 7569.70780005, [ '/minibee/data', 1, 0.48699793219566, 0.5138566493988, 0.51751923561096 ] ]
[ 7569.770122627, [ '/minibee/data', 1, 0.50360149145126, 0.51031619310379, 0.52130389213562 ] ]
[ 7569.832488905, [ '/minibee/data', 1, 0.51593214273453, 0.52276891469955, 0.52105969190598 ] ]
[ 7569.905651211, [ '/minibee/data', 1, 0.50457817316055, 0.5048223733902, 0.51666462421417 ] ]
[ 7569.968048359, [ '/minibee/data', 1, 0.51874005794525, 0.52215844392776, 0.51519960165024 ] ]
[ 7570.039896714, [ '/minibee/data', 1, 0.52508848905563, 0.52423393726349, 0.50750821828842 ] ]
[ 7570.113490713, [ '/minibee/data', 1, 0.52691978216171, 0.5188621878624, 0.5049444437027 ] ]
[ 7570.705347208, [ '/minibee/data', 1, 0.53387862443924, 0.49163717031479, 0.47955071926117 ] ]
[ 7570.747283559, [ '/minibee/data', 1, 0.52984982728958, 0.49322426319122, 0.48187035322189 ] ]
[ 7570.799453318, [ '/minibee/data', 1, 0.5235013961792, 0.49029421806335, 0.48382371664047 ] ]
[ 7570.861807422, [ '/minibee/data', 1, 0.51983886957169, 0.49407887458801, 0.48870712518692 ] ]
[ 7570.924348729, [ '/minibee/data', 1, 0.51849591732025, 0.49688681960106, 0.48956170678139 ] ]
[ 7570.986569123, [ '/minibee/data', 1, 0.52069342136383, 0.49761933088303, 0.49139299988747 ] ]
[ 7571.049081096, [ '/minibee/data', 1, 0.52289098501205, 0.49835184216499, 0.49236968159676 ] ]
[ 7571.121591054, [ '/minibee/data', 1, 0.53180319070816, 0.50091564655304, 0.48602125048637 ] ]
[ 7571.183617204, [ '/minibee/data', 1, 0.55133682489395, 0.50079357624054, 0.48272493481636 ] ]
[ 7571.275891361, [ '/minibee/data', 1, 0.56867295503616, 0.50885117053986, 0.4764986038208 ] ]
[ 7571.327386035, [ '/minibee/data', 1, 0.56781834363937, 0.51690882444382, 0.48773044347763 ] ]
[ 7571.38877763, [ '/minibee/data', 1, 0.55585396289825, 0.52594310045242, 0.49322426319122 ] ]
[ 7571.420472692, [ '/minibee/data', 2, 0.48431205749512, 0.5277743935585, 0.48895129561424 ] ]
[ 7571.452274381, [ '/minibee/data', 1, 0.55060434341431, 0.53473323583603, 0.51287996768951 ] ]
[ 7571.51479603, [ '/minibee/data', 1, 0.53693079948425, 0.54022705554962, 0.51165914535522 ] ]
[ 7571.577397033, [ '/minibee/data', 1, 0.51568794250488, 0.52142596244812, 0.51324623823166 ] ]
[ 7571.650218002, [ '/minibee/data', 1, 0.50396776199341, 0.5138566493988, 0.51300209760666 ] ]
[ 7571.794925274, [ '/minibee/data', 1, 0.48138201236725, 0.50054937601089, 0.49835184216499 ] ]
[ 7571.928866558, [ '/minibee/data', 1, 0.47991698980331, 0.49529972672462, 0.49566596746445 ] ]
[ 7572.002109963, [ '/minibee/data', 1, 0.47466731071472, 0.49346843361855, 0.49163717031479 ] ]
[ 7572.08821873, [ '/minibee/data', 1, 0.47381272912025, 0.49481138586998, 0.49090465903282 ] ]
[ 7572.140127609, [ '/minibee/data', 1, 0.47320228815079, 0.49114882946014, 0.49005004763603 ] ]
[ 7572.203071366, [ '/minibee/data', 1, 0.47735318541527, 0.49896228313446, 0.4863874912262 ] ]
[ 7572.418525059, [ '/minibee/data', 2, 0.4928580224514, 0.49700891971588, 0.46306923031807 ] ]
[ 7572.43068625, [ '/minibee/data', 1, 0.48541080951691, 0.52753019332886, 0.48028323054314 ] ]
[ 7572.473824708, [ '/minibee/data', 2, 0.49322426319122, 0.48760834336281, 0.46685385704041 ] ]
