[ 4849.85204167, [ '/minibee/data', 1, 0.47771945595741, 0.48138201236725, 0.51141494512558 ] ]
[ 4849.914670929, [ '/minibee/data', 1, 0.47796362638474, 0.48174825310707, 0.51117080450058 ] ]
[ 4849.987695436, [ '/minibee/data', 1, 0.47674277424812, 0.48199242353439, 0.51104873418808 ] ]
[ 4850.050329868, [ '/minibee/data', 1, 0.47820779681206, 0.48211452364922, 0.51117080450058 ] ]
[ 4850.112679147, [ '/minibee/data', 1, 0.4764986038208, 0.48248076438904, 0.51056039333344 ] ]
[ 4850.17505082, [ '/minibee/data', 1, 0.47747528553009, 0.48162618279457, 0.51117080450058 ] ]
[ 4850.237385041, [ '/minibee/data', 1, 0.47723111510277, 0.48174825310707, 0.51068246364594 ] ]
[ 4850.299740813, [ '/minibee/data', 1, 0.47710901498795, 0.48235869407654, 0.51080453395844 ] ]
[ 4850.362122291, [ '/minibee/data', 1, 0.47771945595741, 0.48248076438904, 0.51117080450058 ] ]
[ 4850.434427456, [ '/minibee/data', 1, 0.4766206741333, 0.48064950108528, 0.51397877931595 ] ]
[ 4850.489551865, [ '/minibee/data', 1, 0.47918447852135, 0.48321327567101, 0.50958371162415 ] ]
[ 4850.553644235, [ '/minibee/data', 1, 0.46953973174095, 0.49896228313446, 0.49346843361855 ] ]
[ 4850.617309926, [ '/minibee/data', 1, 0.4906604886055, 0.52264678478241, 0.48736417293549 ] ]
[ 4850.669218656, [ '/minibee/data', 1, 0.51190328598022, 0.52691978216171, 0.48699793219566 ] ]
[ 4850.731957343, [ '/minibee/data', 1, 0.5189842581749, 0.52923941612244, 0.46868515014648 ] ]
[ 4850.79427962, [ '/minibee/data', 1, 0.52386766672134, 0.51800757646561, 0.47698694467545 ] ]
[ 4850.866555739, [ '/minibee/data', 1, 0.52179223299026, 0.51324623823166, 0.48052740097046 ] ]
[ 4850.928873765, [ '/minibee/data', 1, 0.51983886957169, 0.51703089475632, 0.48309120535851 ] ]
[ 4850.991588606, [ '/minibee/data', 1, 0.52130389213562, 0.51751923561096, 0.48211452364922 ] ]
[ 4851.0540866, [ '/minibee/data', 1, 0.52203637361526, 0.51581001281738, 0.48260286450386 ] ]
[ 4851.116548118, [ '/minibee/data', 1, 0.52240264415741, 0.51532167196274, 0.48174825310707 ] ]
[ 4851.179010706, [ '/minibee/data', 1, 0.52264678478241, 0.51495546102524, 0.48321327567101 ] ]
[ 4851.25166106, [ '/minibee/data', 1, 0.5233793258667, 0.51507753133774, 0.48199242353439 ] ]
[ 4851.314110793, [ '/minibee/data', 1, 0.52374559640884, 0.51458919048309, 0.48272493481636 ] ]
[ 4851.369932051, [ '/minibee/data', 1, 0.52020508050919, 0.52179223299026, 0.47735318541527 ] ]
[ 4851.433889032, [ '/minibee/data', 1, 0.51544380187988, 0.53143692016602, 0.47515565156937 ] ]
[ 4851.497731579, [ '/minibee/data', 1, 0.51751923561096, 0.55023807287216, 0.45904040336609 ] ]
[ 4851.549805401, [ '/minibee/data', 1, 0.50811868906021, 0.52923941612244, 0.48187035322189 ] ]
[ 4851.612411196, [ '/minibee/data', 1, 0.51800757646561, 0.48736417293549, 0.49603223800659 ] ]
[ 4851.674593284, [ '/minibee/data', 1, 0.47369062900543, 0.47723111510277, 0.52142596244812 ] ]
[ 4851.747108184, [ '/minibee/data', 1, 0.47637650370598, 0.47784152626991, 0.52093762159348 ] ]
[ 4851.809880071, [ '/minibee/data', 1, 0.47771945595741, 0.48321327567101, 0.51263582706451 ] ]
[ 4851.872120331, [ '/minibee/data', 1, 0.48052740097046, 0.48565497994423, 0.51190328598022 ] ]
[ 4851.934655732, [ '/minibee/data', 1, 0.49322426319122, 0.49932852387428, 0.49713099002838 ] ]
[ 4851.996958857, [ '/minibee/data', 1, 0.51190328598022, 0.54242461919785, 0.46746429800987 ] ]
[ 4852.059179937, [ '/minibee/data', 1, 0.5048223733902, 0.54157000780106, 0.47344645857811 ] ]
[ 4852.131814133, [ '/minibee/data', 1, 0.51190328598022, 0.5233793258667, 0.47503358125687 ] ]
[ 4852.193911213, [ '/minibee/data', 1, 0.52411180734634, 0.50799655914307, 0.47637650370598 ] ]
[ 4852.256427109, [ '/minibee/data', 1, 0.5233793258667, 0.5136125087738, 0.48138201236725 ] ]
[ 4852.314248077, [ '/minibee/data', 1, 0.52167010307312, 0.51422291994095, 0.48028323054314 ] ]
[ 4852.377986035, [ '/minibee/data', 1, 0.52301305532455, 0.51519960165024, 0.47894030809402 ] ]
[ 4852.43028285, [ '/minibee/data', 1, 0.52081555128098, 0.51471126079559, 0.47930654883385 ] ]
[ 4852.505896367, [ '/minibee/data', 1, 0.5236234664917, 0.51190328598022, 0.48370161652565 ] ]
[ 4852.558832132, [ '/minibee/data', 1, 0.51947259902954, 0.51068246364594, 0.4808936715126 ] ]
[ 4852.62139157, [ '/minibee/data', 1, 0.52057135105133, 0.51092660427094, 0.48162618279457 ] ]
[ 4852.683512436, [ '/minibee/data', 1, 0.51837384700775, 0.51275789737701, 0.48321327567101 ] ]
[ 4852.756269409, [ '/minibee/data', 1, 0.52264678478241, 0.51141494512558, 0.48370161652565 ] ]
[ 4852.818708138, [ '/minibee/data', 1, 0.52862900495529, 0.51056039333344, 0.48443412780762 ] ]
[ 4852.881378524, [ '/minibee/data', 1, 0.52740812301636, 0.51165914535522, 0.48650959134102 ] ]
[ 4852.943612258, [ '/minibee/data', 1, 0.52569895982742, 0.51104873418808, 0.48809668421745 ] ]
[ 4853.006101675, [ '/minibee/data', 1, 0.51849591732025, 0.51178121566772, 0.48675376176834 ] ]
[ 4853.068590566, [ '/minibee/data', 1, 0.52289098501205, 0.51153707504272, 0.48602125048637 ] ]
[ 4853.131143024, [ '/minibee/data', 1, 0.52875107526779, 0.5138566493988, 0.48760834336281 ] ]
[ 4853.203714043, [ '/minibee/data', 1, 0.52008301019669, 0.5136125087738, 0.49139299988747 ] ]
[ 4853.258533436, [ '/minibee/data', 1, 0.52167010307312, 0.51312416791916, 0.48809668421745 ] ]
[ 4853.322176335, [ '/minibee/data', 1, 0.52691978216171, 0.51397877931595, 0.49017214775085 ] ]
[ 4853.386061393, [ '/minibee/data', 1, 0.52960568666458, 0.51715296506882, 0.49407887458801 ] ]
[ 4853.438514122, [ '/minibee/data', 1, 0.51874005794525, 0.51703089475632, 0.48650959134102 ] ]
[ 4853.501644842, [ '/minibee/data', 1, 0.53168112039566, 0.51410084962845, 0.48968380689621 ] ]
[ 4853.564239966, [ '/minibee/data', 1, 0.52228057384491, 0.51861798763275, 0.4951776266098 ] ]
[ 4853.626660741, [ '/minibee/data', 1, 0.52838480472565, 0.51727503538132, 0.49102672934532 ] ]
[ 4853.699401588, [ '/minibee/data', 1, 0.52936148643494, 0.51312416791916, 0.49407887458801 ] ]
[ 4853.761755585, [ '/minibee/data', 1, 0.52691978216171, 0.51812964677811, 0.49761933088303 ] ]
[ 4853.82469569, [ '/minibee/data', 1, 0.53107070922852, 0.51336830854416, 0.49786350131035 ] ]
[ 4853.887485858, [ '/minibee/data', 1, 0.53058236837387, 0.51739716529846, 0.49615430831909 ] ]
[ 4853.949627211, [ '/minibee/data', 1, 0.52948355674744, 0.5189842581749, 0.49871811270714 ] ]
[ 4854.012229988, [ '/minibee/data', 1, 0.53155905008316, 0.5136125087738, 0.49542179703712 ] ]
[ 4854.084836314, [ '/minibee/data', 1, 0.53436696529388, 0.52008301019669, 0.49713099002838 ] ]
[ 4854.147342288, [ '/minibee/data', 1, 0.53314614295959, 0.51642048358917, 0.49322426319122 ] ]
[ 4854.202818422, [ '/minibee/data', 1, 0.53155905008316, 0.5138566493988, 0.49652057886124 ] ]
[ 4854.266609475, [ '/minibee/data', 1, 0.53925037384033, 0.51751923561096, 0.49652057886124 ] ]
[ 4854.330458937, [ '/minibee/data', 1, 0.55243557691574, 0.52203637361526, 0.49932852387428 ] ]
[ 4854.394452051, [ '/minibee/data', 1, 0.55011600255966, 0.51971673965454, 0.49468928575516 ] ]
[ 4854.446714601, [ '/minibee/data', 1, 0.55243557691574, 0.52240264415741, 0.49749726057053 ] ]
[ 4854.509188778, [ '/minibee/data', 1, 0.54059332609177, 0.5136125087738, 0.50067144632339 ] ]
[ 4854.571648128, [ '/minibee/data', 1, 0.5377853512764, 0.51458919048309, 0.49542179703712 ] ]
[ 4854.644557671, [ '/minibee/data', 1, 0.5374191403389, 0.51019412279129, 0.49932852387428 ] ]
[ 4854.706893818, [ '/minibee/data', 1, 0.53570991754532, 0.50604319572449, 0.50006103515625 ] ]
[ 4854.769249239, [ '/minibee/data', 1, 0.51812964677811, 0.51117080450058, 0.49981686472893 ] ]
[ 4854.831664355, [ '/minibee/data', 1, 0.51959466934204, 0.50531071424484, 0.49273592233658 ] ]
[ 4854.894152271, [ '/minibee/data', 1, 0.52508848905563, 0.5050665140152, 0.49053838849068 ] ]
[ 4854.957153755, [ '/minibee/data', 1, 0.52301305532455, 0.51165914535522, 0.49383470416069 ] ]
[ 4855.019707193, [ '/minibee/data', 1, 0.51703089475632, 0.50872910022736, 0.49236968159676 ] ]
[ 4855.092558488, [ '/minibee/data', 1, 0.52289098501205, 0.49749726057053, 0.49395677447319 ] ]
[ 4855.154958791, [ '/minibee/data', 1, 0.5236234664917, 0.50140398740768, 0.49200341105461 ] ]
[ 4855.210908579, [ '/minibee/data', 1, 0.52252471446991, 0.50665366649628, 0.49029421806335 ] ]
[ 4855.274987016, [ '/minibee/data', 1, 0.52008301019669, 0.5136125087738, 0.49041631817818 ] ]
[ 4855.327269754, [ '/minibee/data', 1, 0.51727503538132, 0.50970578193665, 0.48736417293549 ] ]
[ 4855.389730574, [ '/minibee/data', 1, 0.51165914535522, 0.50775241851807, 0.49017214775085 ] ]
[ 4855.452077516, [ '/minibee/data', 1, 0.51776337623596, 0.50738614797592, 0.49236968159676 ] ]
[ 4855.524799261, [ '/minibee/data', 1, 0.5137345790863, 0.5138566493988, 0.48736417293549 ] ]
[ 4855.586920119, [ '/minibee/data', 1, 0.51324623823166, 0.50836282968521, 0.48712000250816 ] ]
[ 4855.649251631, [ '/minibee/data', 1, 0.52838480472565, 0.51019412279129, 0.4906604886055 ] ]
[ 4855.711565583, [ '/minibee/data', 1, 0.52899521589279, 0.51519960165024, 0.48980587720871 ] ]
[ 4855.774165472, [ '/minibee/data', 1, 0.53253573179245, 0.51165914535522, 0.48968380689621 ] ]
[ 4855.836592554, [ '/minibee/data', 1, 0.52496641874313, 0.51495546102524, 0.49139299988747 ] ]
[ 4855.909352781, [ '/minibee/data', 1, 0.53107070922852, 0.50958371162415, 0.48907336592674 ] ]
[ 4855.971717436, [ '/minibee/data', 1, 0.52838480472565, 0.50860702991486, 0.49029421806335 ] ]
[ 4856.027342931, [ '/minibee/data', 1, 0.52240264415741, 0.51239162683487, 0.48821878433228 ] ]
[ 4856.091200134, [ '/minibee/data', 1, 0.52667564153671, 0.50958371162415, 0.49017214775085 ] ]
[ 4856.155007523, [ '/minibee/data', 1, 0.527652323246, 0.51165914535522, 0.49432304501534 ] ]
[ 4856.207119915, [ '/minibee/data', 1, 0.52179223299026, 0.51764130592346, 0.49688681960106 ] ]
[ 4856.269474089, [ '/minibee/data', 1, 0.52472227811813, 0.51458919048309, 0.49249175190926 ] ]
[ 4856.332485106, [ '/minibee/data', 1, 0.52862900495529, 0.51629835367203, 0.49676474928856 ] ]
[ 4856.405406615, [ '/minibee/data', 1, 0.52484434843063, 0.51727503538132, 0.49236968159676 ] ]
[ 4856.467873174, [ '/minibee/data', 1, 0.53131484985352, 0.51788550615311, 0.49859601259232 ] ]
[ 4856.53030129, [ '/minibee/data', 1, 0.53082650899887, 0.52203637361526, 0.49969479441643 ] ]
[ 4856.592456494, [ '/minibee/data', 1, 0.53204739093781, 0.51983886957169, 0.49859601259232 ] ]
[ 4856.655107276, [ '/minibee/data', 1, 0.53448909521103, 0.52496641874313, 0.49713099002838 ] ]
[ 4856.717739796, [ '/minibee/data', 1, 0.54767429828644, 0.51812964677811, 0.49591013789177 ] ]
[ 4856.780036828, [ '/minibee/data', 1, 0.55060434341431, 0.52447807788849, 0.48736417293549 ] ]
[ 4856.852918965, [ '/minibee/data', 1, 0.56745207309723, 0.52984982728958, 0.48284703493118 ] ]
[ 4856.915642689, [ '/minibee/data', 1, 0.58112561702728, 0.52984982728958, 0.50787448883057 ] ]
[ 4856.971581314, [ '/minibee/data', 1, 0.52081555128098, 0.53729701042175, 0.5134904384613 ] ]
[ 4857.03532032, [ '/minibee/data', 1, 0.52093762159348, 0.50189232826233, 0.4973751604557 ] ]
[ 4857.087702321, [ '/minibee/data', 1, 0.53424489498138, 0.4862654209137, 0.46917349100113 ] ]
[ 4857.149861677, [ '/minibee/data', 1, 0.53302407264709, 0.49395677447319, 0.48553290963173 ] ]
[ 4857.212156201, [ '/minibee/data', 1, 0.51971673965454, 0.48907336592674, 0.48931753635406 ] ]
[ 4857.284950204, [ '/minibee/data', 1, 0.5093395113945, 0.49798560142517, 0.48187035322189 ] ]
[ 4857.347346923, [ '/minibee/data', 1, 0.51935052871704, 0.50653153657913, 0.48296910524368 ] ]
[ 4857.409745514, [ '/minibee/data', 1, 0.53082650899887, 0.48467829823494, 0.48821878433228 ] ]
[ 4857.471955931, [ '/minibee/data', 1, 0.51825171709061, 0.5188621878624, 0.48296910524368 ] ]
[ 4857.534334644, [ '/minibee/data', 1, 0.52521061897278, 0.53973871469498, 0.49359053373337 ] ]
[ 4857.596602924, [ '/minibee/data', 1, 0.51568794250488, 0.52276891469955, 0.48870712518692 ] ]
[ 4857.669330855, [ '/minibee/data', 1, 0.5136125087738, 0.5134904384613, 0.50433403253555 ] ]
[ 4857.73177468, [ '/minibee/data', 1, 0.50799655914307, 0.50763034820557, 0.51239162683487 ] ]
[ 4857.79405117, [ '/minibee/data', 1, 0.49676474928856, 0.50433403253555, 0.50689780712128 ] ]
[ 4857.851776094, [ '/minibee/data', 1, 0.48907336592674, 0.50543278455734, 0.51275789737701 ] ]
[ 4858.128570021, [ '/minibee/data', 1, 0.48980587720871, 0.51666462421417, 0.48248076438904 ] ]
[ 4858.191721075, [ '/minibee/data', 1, 0.46111586689949, 0.48480039834976, 0.43279209733009 ] ]
[ 4858.25394024, [ '/minibee/data', 1, 0.48223659396172, 0.48455622792244, 0.47112685441971 ] ]
[ 4858.316444176, [ '/minibee/data', 1, 0.48052740097046, 0.49664264917374, 0.47942864894867 ] ]
[ 4858.389064188, [ '/minibee/data', 1, 0.46636551618576, 0.50115978717804, 0.48174825310707 ] ]
[ 4858.459538684, [ '/minibee/data', 1, 0.4766206741333, 0.50982785224915, 0.50201439857483 ] ]
[ 4858.512176662, [ '/minibee/data', 1, 0.46807470917702, 0.50250273942947, 0.49603223800659 ] ]
[ 4858.574741178, [ '/minibee/data', 1, 0.46868515014648, 0.50286900997162, 0.49908435344696 ] ]
[ 4859.024391776, [ '/minibee/data', 1, 0.47771945595741, 0.48064950108528, 0.49932852387428 ] ]
[ 4859.077640616, [ '/minibee/data', 1, 0.48174825310707, 0.46770846843719, 0.48687583208084 ] ]
[ 4859.140352039, [ '/minibee/data', 1, 0.47369062900543, 0.48724210262299, 0.48455622792244 ] ]
[ 4859.196026908, [ '/minibee/data', 1, 0.47637650370598, 0.48589915037155, 0.49383470416069 ] ]
[ 4859.259701888, [ '/minibee/data', 1, 0.47930654883385, 0.47710901498795, 0.49114882946014 ] ]
[ 4859.312006904, [ '/minibee/data', 1, 0.47918447852135, 0.47637650370598, 0.4906604886055 ] ]
[ 4859.374516873, [ '/minibee/data', 1, 0.47735318541527, 0.48040533065796, 0.48724210262299 ] ]
[ 4859.620198867, [ '/minibee/data', 1, 0.47503358125687, 0.48785251379013, 0.47845196723938 ] ]
[ 4859.663046087, [ '/minibee/data', 1, 0.47076058387756, 0.49810767173767, 0.48443412780762 ] ]
[ 4859.71532272, [ '/minibee/data', 1, 0.4699060022831, 0.48931753635406, 0.49200341105461 ] ]
[ 4859.777629549, [ '/minibee/data', 1, 0.47344645857811, 0.49151507019997, 0.49200341105461 ] ]
[ 4859.839885199, [ '/minibee/data', 1, 0.47478941082954, 0.48968380689621, 0.4884629547596 ] ]
[ 4859.902387706, [ '/minibee/data', 1, 0.47027224302292, 0.50421196222305, 0.49200341105461 ] ]
[ 4859.964686706, [ '/minibee/data', 1, 0.47234770655632, 0.48125991225243, 0.48675376176834 ] ]
[ 4860.037564671, [ '/minibee/data', 1, 0.46746429800987, 0.49835184216499, 0.49322426319122 ] ]
[ 4860.100471229, [ '/minibee/data', 1, 0.47674277424812, 0.48699793219566, 0.49139299988747 ] ]
[ 4860.163030482, [ '/minibee/data', 1, 0.4722256064415, 0.49041631817818, 0.48980587720871 ] ]
[ 4860.306677598, [ '/minibee/data', 1, 0.46880722045898, 0.49481138586998, 0.49114882946014 ] ]
[ 4860.369857321, [ '/minibee/data', 1, 0.46831887960434, 0.4973751604557, 0.49310219287872 ] ]
[ 4860.432236613, [ '/minibee/data', 1, 0.47271394729614, 0.48406788706779, 0.49053838849068 ] ]
[ 4860.494575138, [ '/minibee/data', 1, 0.47796362638474, 0.47906237840652, 0.49334636330605 ] ]
[ 4860.556999198, [ '/minibee/data', 1, 0.47539982199669, 0.48223659396172, 0.49163717031479 ] ]
[ 4860.621294365, [ '/minibee/data', 1, 0.48138201236725, 0.48077157139778, 0.49774143099785 ] ]
[ 4860.694677108, [ '/minibee/data', 1, 0.48113784193993, 0.46880722045898, 0.4862654209137 ] ]
[ 4860.756744851, [ '/minibee/data', 1, 0.47906237840652, 0.47466731071472, 0.46783053874969 ] ]
[ 4860.819097667, [ '/minibee/data', 1, 0.47454524040222, 0.49114882946014, 0.48455622792244 ] ]
[ 4860.881434442, [ '/minibee/data', 1, 0.4744231402874, 0.48748627305031, 0.47076058387756 ] ]
[ 4860.94376106, [ '/minibee/data', 1, 0.48577708005905, 0.50384569168091, 0.45183739066124 ] ]
[ 4861.087806012, [ '/minibee/data', 1, 0.4743010699749, 0.49615430831909, 0.48553290963173 ] ]
[ 4861.150829042, [ '/minibee/data', 1, 0.47747528553009, 0.48895129561424, 0.48431205749512 ] ]
[ 4861.213177175, [ '/minibee/data', 1, 0.472103536129, 0.50311315059662, 0.48553290963173 ] ]
[ 4861.286063033, [ '/minibee/data', 1, 0.47344645857811, 0.50555485486984, 0.49151507019997 ] ]
[ 4861.348282586, [ '/minibee/data', 1, 0.47955071926117, 0.50616532564163, 0.48797461390495 ] ]
[ 4861.4048845, [ '/minibee/data', 1, 0.48431205749512, 0.50103771686554, 0.4884629547596 ] ]
[ 4861.468518121, [ '/minibee/data', 1, 0.48455622792244, 0.50213646888733, 0.48211452364922 ] ]
[ 4861.532578039, [ '/minibee/data', 1, 0.48736417293549, 0.51031619310379, 0.47246977686882 ] ]
[ 4861.665755098, [ '/minibee/data', 1, 0.48797461390495, 0.51776337623596, 0.4929800927639 ] ]
[ 4861.728042843, [ '/minibee/data', 1, 0.49371260404587, 0.5233793258667, 0.49005004763603 ] ]
[ 4861.790048204, [ '/minibee/data', 1, 0.48516663908958, 0.53131484985352, 0.49688681960106 ] ]
[ 4861.872922622, [ '/minibee/data', 1, 0.48016116023064, 0.5375412106514, 0.49041631817818 ] ]
[ 4861.936643628, [ '/minibee/data', 1, 0.48968380689621, 0.52997189760208, 0.49920645356178 ] ]
[ 4861.9992803, [ '/minibee/data', 1, 0.49529972672462, 0.53937250375748, 0.50286900997162 ] ]
[ 4862.061703702, [ '/minibee/data', 1, 0.49591013789177, 0.52630937099457, 0.50738614797592 ] ]
[ 4862.204786642, [ '/minibee/data', 1, 0.49346843361855, 0.52679771184921, 0.5136125087738 ] ]
[ 4862.268735601, [ '/minibee/data', 1, 0.50006103515625, 0.52667564153671, 0.51739716529846 ] ]
[ 4862.320898417, [ '/minibee/data', 1, 0.49774143099785, 0.52423393726349, 0.51849591732025 ] ]
[ 4862.383389474, [ '/minibee/data', 1, 0.49627640843391, 0.52496641874313, 0.51776337623596 ] ]
[ 4862.445585891, [ '/minibee/data', 1, 0.50250273942947, 0.52032721042633, 0.52728605270386 ] ]
[ 4862.51829845, [ '/minibee/data', 1, 0.50201439857483, 0.5192283987999, 0.52728605270386 ] ]
[ 4862.590912678, [ '/minibee/data', 1, 0.50714200735092, 0.51446712017059, 0.52618730068207 ] ]
[ 4862.807043462, [ '/minibee/data', 1, 0.51983886957169, 0.52032721042633, 0.52167010307312 ] ]
[ 4862.946009499, [ '/minibee/data', 1, 0.52240264415741, 0.52240264415741, 0.52691978216171 ] ]
[ 4863.090023867, [ '/minibee/data', 1, 0.52447807788849, 0.51544380187988, 0.51654255390167 ] ]
[ 4863.235113804, [ '/minibee/data', 1, 0.52923941612244, 0.51947259902954, 0.51837384700775 ] ]
[ 4863.378238315, [ '/minibee/data', 1, 0.51617628335953, 0.51727503538132, 0.51971673965454 ] ]
[ 4863.441328624, [ '/minibee/data', 1, 0.51263582706451, 0.51776337623596, 0.51275789737701 ] ]
[ 4863.524894209, [ '/minibee/data', 1, 0.51544380187988, 0.50897324085236, 0.51117080450058 ] ]
[ 4863.588774044, [ '/minibee/data', 1, 0.51202541589737, 0.51031619310379, 0.50445610284805 ] ]
[ 4863.661971424, [ '/minibee/data', 1, 0.51666462421417, 0.5090953707695, 0.50982785224915 ] ]
[ 4863.958066189, [ '/minibee/data', 1, 0.52911734580994, 0.52008301019669, 0.51410084962845 ] ]
[ 4864.021451584, [ '/minibee/data', 1, 0.52740812301636, 0.5235013961792, 0.51861798763275 ] ]
[ 4864.093314261, [ '/minibee/data', 1, 0.52521061897278, 0.52154803276062, 0.5192283987999 ] ]
[ 4864.173321941, [ '/minibee/data', 1, 0.52533268928528, 0.51996093988419, 0.52044928073883 ] ]
[ 4864.237414435, [ '/minibee/data', 1, 0.53241360187531, 0.51983886957169, 0.52215844392776 ] ]
[ 4864.289327061, [ '/minibee/data', 1, 0.52875107526779, 0.5192283987999, 0.52093762159348 ] ]
[ 4864.351702438, [ '/minibee/data', 1, 0.52997189760208, 0.51617628335953, 0.51507753133774 ] ]
[ 4864.414263949, [ '/minibee/data', 1, 0.52386766672134, 0.51678669452667, 0.51617628335953 ] ]
[ 4864.558076032, [ '/minibee/data', 1, 0.51849591732025, 0.51056039333344, 0.50872910022736 ] ]
[ 4864.631690255, [ '/minibee/data', 1, 0.51715296506882, 0.50897324085236, 0.51080453395844 ] ]
[ 4864.694012248, [ '/minibee/data', 1, 0.51629835367203, 0.50860702991486, 0.50811868906021 ] ]
[ 4864.749604538, [ '/minibee/data', 1, 0.51458919048309, 0.50689780712128, 0.51019412279129 ] ]
[ 4864.813365857, [ '/minibee/data', 1, 0.51226955652237, 0.50897324085236, 0.51104873418808 ] ]
[ 4864.886051502, [ '/minibee/data', 1, 0.5134904384613, 0.5090953707695, 0.51043826341629 ] ]
[ 4865.117859445, [ '/minibee/data', 1, 0.52215844392776, 0.51617628335953, 0.50872910022736 ] ]
[ 4865.221203769, [ '/minibee/data', 1, 0.54157000780106, 0.53497743606567, 0.46319130063057 ] ]
[ 4865.28381762, [ '/minibee/data', 1, 0.54901719093323, 0.52545475959778, 0.42375779151917 ] ]
[ 4865.346046735, [ '/minibee/data', 1, 0.52435600757599, 0.5138566493988, 0.38566720485687 ] ]
[ 4865.408317003, [ '/minibee/data', 1, 0.52105969190598, 0.5134904384613, 0.45989501476288 ] ]
[ 4865.470860167, [ '/minibee/data', 1, 0.53314614295959, 0.51776337623596, 0.47637650370598 ] ]
[ 4865.543524195, [ '/minibee/data', 1, 0.53082650899887, 0.51678669452667, 0.46953973174095 ] ]
[ 4865.605804735, [ '/minibee/data', 1, 0.5421804189682, 0.5050665140152, 0.47308021783829 ] ]
[ 4865.668062223, [ '/minibee/data', 1, 0.53021609783173, 0.51068246364594, 0.47356855869293 ] ]
[ 4865.73069517, [ '/minibee/data', 1, 0.52606517076492, 0.50531071424484, 0.48199242353439 ] ]
[ 4865.793095891, [ '/minibee/data', 1, 0.51458919048309, 0.51605421304703, 0.48309120535851 ] ]
[ 4865.854072497, [ '/minibee/data', 1, 0.50665366649628, 0.50408983230591, 0.48064950108528 ] ]
[ 4865.917683404, [ '/minibee/data', 1, 0.50311315059662, 0.50994992256165, 0.48455622792244 ] ]
[ 4865.981520885, [ '/minibee/data', 1, 0.49554389715195, 0.50323528051376, 0.4788182079792 ] ]
[ 4866.033828411, [ '/minibee/data', 1, 0.48980587720871, 0.50103771686554, 0.47076058387756 ] ]
[ 4866.096020951, [ '/minibee/data', 1, 0.49798560142517, 0.49236968159676, 0.46819680929184 ] ]
[ 4866.158323494, [ '/minibee/data', 1, 0.50372362136841, 0.47979488968849, 0.46941766142845 ] ]
[ 4866.231116875, [ '/minibee/data', 1, 0.51483333110809, 0.48919546604156, 0.472103536129 ] ]
[ 4866.30376242, [ '/minibee/data', 1, 0.51483333110809, 0.49444511532784, 0.472103536129 ] ]
[ 4866.366956253, [ '/minibee/data', 1, 0.52130389213562, 0.50640946626663, 0.47149309515953 ] ]
[ 4866.439693958, [ '/minibee/data', 1, 0.51043826341629, 0.49786350131035, 0.45623245835304 ] ]
[ 4866.502072282, [ '/minibee/data', 1, 0.51434499025345, 0.49652057886124, 0.46062752604485 ] ]
[ 4866.56457333, [ '/minibee/data', 1, 0.51593214273453, 0.50067144632339, 0.46490049362183 ] ]
[ 4866.627050255, [ '/minibee/data', 1, 0.52850687503815, 0.49713099002838, 0.47588816285133 ] ]
[ 4866.689416267, [ '/minibee/data', 1, 0.52875107526779, 0.48077157139778, 0.47735318541527 ] ]
[ 4866.752259475, [ '/minibee/data', 1, 0.52972775697708, 0.49212551116943, 0.49749726057053 ] ]
[ 4866.814880251, [ '/minibee/data', 1, 0.54010498523712, 0.48382371664047, 0.50335735082626 ] ]
[ 4866.887568279, [ '/minibee/data', 1, 0.5136125087738, 0.51300209760666, 0.50164812803268 ] ]
[ 4866.942230566, [ '/minibee/data', 1, 0.49529972672462, 0.49346843361855, 0.50592112541199 ] ]
[ 4867.005937261, [ '/minibee/data', 1, 0.47735318541527, 0.5048223733902, 0.5233793258667 ] ]
[ 4867.078613954, [ '/minibee/data', 1, 0.47161519527435, 0.51617628335953, 0.53009402751923 ] ]
[ 4867.151668958, [ '/minibee/data', 1, 0.46490049362183, 0.50665366649628, 0.52008301019669 ] ]
[ 4867.234293595, [ '/minibee/data', 1, 0.47771945595741, 0.49822977185249, 0.51874005794525 ] ]
[ 4867.286580789, [ '/minibee/data', 1, 0.47808569669724, 0.49627640843391, 0.5235013961792 ] ]
[ 4867.342373194, [ '/minibee/data', 1, 0.47454524040222, 0.49236968159676, 0.52057135105133 ] ]
[ 4867.422562603, [ '/minibee/data', 1, 0.50701987743378, 0.47478941082954, 0.50726407766342 ] ]
[ 4867.496499382, [ '/minibee/data', 1, 0.49029421806335, 0.56439995765686, 0.46062752604485 ] ]
[ 4867.550453427, [ '/minibee/data', 1, 0.50079357624054, 0.51031619310379, 0.47405689954758 ] ]
[ 4867.614127133, [ '/minibee/data', 1, 0.50665366649628, 0.50787448883057, 0.47173726558685 ] ]
[ 4867.666562423, [ '/minibee/data', 1, 0.50738614797592, 0.48797461390495, 0.46746429800987 ] ]
[ 4867.728865702, [ '/minibee/data', 1, 0.50787448883057, 0.49029421806335, 0.47356855869293 ] ]
[ 4867.791199275, [ '/minibee/data', 1, 0.50811868906021, 0.49005004763603, 0.47198143601418 ] ]
[ 4867.8638723, [ '/minibee/data', 1, 0.50616532564163, 0.4906604886055, 0.47051641345024 ] ]
[ 4867.926100056, [ '/minibee/data', 1, 0.49615430831909, 0.51837384700775, 0.46258088946342 ] ]
[ 4868.069655962, [ '/minibee/data', 1, 0.49591013789177, 0.52997189760208, 0.48309120535851 ] ]
[ 4868.133023998, [ '/minibee/data', 1, 0.50189232826233, 0.52545475959778, 0.49688681960106 ] ]
[ 4868.195255815, [ '/minibee/data', 1, 0.50824075937271, 0.52887314558029, 0.50579905509949 ] ]
[ 4868.257799541, [ '/minibee/data', 1, 0.51593214273453, 0.52704185247421, 0.50787448883057 ] ]
[ 4868.320361465, [ '/minibee/data', 1, 0.5191063284874, 0.51947259902954, 0.51129287481308 ] ]
[ 4868.38288795, [ '/minibee/data', 1, 0.51678669452667, 0.50958371162415, 0.51263582706451 ] ]
[ 4868.455283721, [ '/minibee/data', 1, 0.5235013961792, 0.51178121566772, 0.51019412279129 ] ]
[ 4868.517870394, [ '/minibee/data', 1, 0.52679771184921, 0.51007205247879, 0.5137345790863 ] ]
[ 4868.574527953, [ '/minibee/data', 1, 0.52301305532455, 0.50531071424484, 0.509461581707 ] ]
[ 4868.638584127, [ '/minibee/data', 1, 0.5235013961792, 0.50775241851807, 0.50555485486984 ] ]
[ 4868.7025579, [ '/minibee/data', 1, 0.52447807788849, 0.5134904384613, 0.49700891971588 ] ]
[ 4868.754950314, [ '/minibee/data', 1, 0.52276891469955, 0.51947259902954, 0.49981686472893 ] ]
[ 4868.81744633, [ '/minibee/data', 1, 0.53168112039566, 0.52228057384491, 0.49761933088303 ] ]
[ 4868.879955242, [ '/minibee/data', 1, 0.52545475959778, 0.51678669452667, 0.490782558918 ] ]
[ 4868.952675811, [ '/minibee/data', 1, 0.52179223299026, 0.51544380187988, 0.48675376176834 ] ]
[ 4869.015305934, [ '/minibee/data', 1, 0.5192283987999, 0.51727503538132, 0.48187035322189 ] ]
[ 4869.077760275, [ '/minibee/data', 1, 0.52130389213562, 0.52167010307312, 0.48064950108528 ] ]
[ 4869.140029592, [ '/minibee/data', 1, 0.51837384700775, 0.51739716529846, 0.48028323054314 ] ]
[ 4869.202964842, [ '/minibee/data', 1, 0.51935052871704, 0.5137345790863, 0.47344645857811 ] ]
[ 4869.265379089, [ '/minibee/data', 1, 0.51422291994095, 0.51068246364594, 0.47149309515953 ] ]
[ 4869.327827699, [ '/minibee/data', 1, 0.51080453395844, 0.51043826341629, 0.47039434313774 ] ]
[ 4869.400092832, [ '/minibee/data', 1, 0.51202541589737, 0.51068246364594, 0.4699060022831 ] ]
[ 4869.454773841, [ '/minibee/data', 1, 0.51214748620987, 0.50811868906021, 0.4700280725956 ] ]
[ 4869.518589499, [ '/minibee/data', 1, 0.50445610284805, 0.50115978717804, 0.46587717533112 ] ]
[ 4869.582835644, [ '/minibee/data', 1, 0.50701987743378, 0.49542179703712, 0.46892932057381 ] ]
[ 4869.646622381, [ '/minibee/data', 1, 0.51056039333344, 0.49224758148193, 0.46709802746773 ] ]
[ 4869.699064512, [ '/minibee/data', 1, 0.50396776199341, 0.48797461390495, 0.46429008245468 ] ]
[ 4869.761924684, [ '/minibee/data', 1, 0.49969479441643, 0.49578806757927, 0.47271394729614 ] ]
[ 4869.824266468, [ '/minibee/data', 1, 0.49432304501534, 0.48284703493118, 0.47478941082954 ] ]
[ 4869.896869234, [ '/minibee/data', 1, 0.49359053373337, 0.46953973174095, 0.47417896986008 ] ]
[ 4869.959518237, [ '/minibee/data', 1, 0.49713099002838, 0.47771945595741, 0.48016116023064 ] ]
[ 4870.022221409, [ '/minibee/data', 1, 0.51129287481308, 0.47332438826561, 0.45965084433556 ] ]
[ 4870.085247769, [ '/minibee/data', 1, 0.51483333110809, 0.47918447852135, 0.46148210763931 ] ]
[ 4870.147212841, [ '/minibee/data', 1, 0.50299108028412, 0.4810157418251, 0.46575510501862 ] ]
[ 4870.209501219, [ '/minibee/data', 1, 0.50140398740768, 0.48882919549942, 0.46685385704041 ] ]
[ 4870.271916988, [ '/minibee/data', 1, 0.50994992256165, 0.52398973703384, 0.46136003732681 ] ]
[ 4870.344218726, [ '/minibee/data', 1, 0.51727503538132, 0.54291296005249, 0.44402393698692 ] ]
[ 4870.40687897, [ '/minibee/data', 1, 0.54120373725891, 0.50164812803268, 0.47405689954758 ] ]
[ 4870.462999197, [ '/minibee/data', 1, 0.51812964677811, 0.49383470416069, 0.51751923561096 ] ]
[ 4870.527132926, [ '/minibee/data', 1, 0.49676474928856, 0.49627640843391, 0.54437798261642 ] ]
[ 4870.590772286, [ '/minibee/data', 1, 0.49310219287872, 0.49920645356178, 0.5376632809639 ] ]
[ 4870.643152133, [ '/minibee/data', 1, 0.48736417293549, 0.490782558918, 0.5420583486557 ] ]
[ 4870.70524425, [ '/minibee/data', 1, 0.47149309515953, 0.50152605772018, 0.53644245862961 ] ]
[ 4870.767525729, [ '/minibee/data', 1, 0.47271394729614, 0.50811868906021, 0.52911734580994 ] ]
[ 4870.840319555, [ '/minibee/data', 1, 0.47454524040222, 0.50787448883057, 0.53387862443924 ] ]
[ 4870.902641196, [ '/minibee/data', 1, 0.48003906011581, 0.51080453395844, 0.53033816814423 ] ]
[ 4870.965142946, [ '/minibee/data', 1, 0.48321327567101, 0.51190328598022, 0.53253573179245 ] ]
[ 4871.027568287, [ '/minibee/data', 1, 0.50006103515625, 0.51202541589737, 0.53534364700317 ] ]
[ 4871.090013583, [ '/minibee/data', 1, 0.50701987743378, 0.51544380187988, 0.52923941612244 ] ]
[ 4871.152388241, [ '/minibee/data', 1, 0.50628739595413, 0.52228057384491, 0.53375655412674 ] ]
[ 4871.21538383, [ '/minibee/data', 1, 0.51287996768951, 0.51812964677811, 0.53009402751923 ] ]
[ 4871.288275425, [ '/minibee/data', 1, 0.51446712017059, 0.51446712017059, 0.52215844392776 ] ]
[ 4871.350561996, [ '/minibee/data', 1, 0.51519960165024, 0.51214748620987, 0.52191430330276 ] ]
[ 4871.412855717, [ '/minibee/data', 1, 0.52167010307312, 0.51275789737701, 0.5136125087738 ] ]
[ 4871.475392509, [ '/minibee/data', 1, 0.52032721042633, 0.51129287481308, 0.5134904384613 ] ]
[ 4871.537712022, [ '/minibee/data', 1, 0.52398973703384, 0.5090953707695, 0.50677573680878 ] ]
[ 4871.600179699, [ '/minibee/data', 1, 0.52460014820099, 0.50775241851807, 0.50396776199341 ] ]
[ 4871.67247633, [ '/minibee/data', 1, 0.5280185341835, 0.5090953707695, 0.50128191709518 ] ]
[ 4871.735287738, [ '/minibee/data', 1, 0.51776337623596, 0.50958371162415, 0.49969479441643 ] ]
[ 4871.797776245, [ '/minibee/data', 1, 0.51434499025345, 0.50384569168091, 0.49896228313446 ] ]
[ 4871.855297452, [ '/minibee/data', 1, 0.51300209760666, 0.50372362136841, 0.50103771686554 ] ]
[ 4871.919192207, [ '/minibee/data', 1, 0.52081555128098, 0.50604319572449, 0.50445610284805 ] ]
[ 4871.971540728, [ '/minibee/data', 1, 0.5189842581749, 0.50824075937271, 0.51458919048309 ] ]
[ 4872.033931271, [ '/minibee/data', 1, 0.52008301019669, 0.51117080450058, 0.51287996768951 ] ]
[ 4872.096196254, [ '/minibee/data', 1, 0.52276891469955, 0.51617628335953, 0.51593214273453 ] ]
[ 4872.168599136, [ '/minibee/data', 1, 0.52411180734634, 0.5189842581749, 0.51812964677811 ] ]
[ 4872.23102097, [ '/minibee/data', 1, 0.51678669452667, 0.52032721042633, 0.52630937099457 ] ]
[ 4872.293424871, [ '/minibee/data', 1, 0.51043826341629, 0.51629835367203, 0.52887314558029 ] ]
[ 4872.355934163, [ '/minibee/data', 1, 0.50335735082626, 0.52496641874313, 0.53253573179245 ] ]
[ 4872.418409421, [ '/minibee/data', 1, 0.50408983230591, 0.52179223299026, 0.53522157669067 ] ]
[ 4872.480833123, [ '/minibee/data', 1, 0.49005004763603, 0.52496641874313, 0.5377853512764 ] ]
[ 4872.553336489, [ '/minibee/data', 1, 0.48895129561424, 0.52203637361526, 0.53839582204819 ] ]
[ 4872.615688446, [ '/minibee/data', 1, 0.47747528553009, 0.51788550615311, 0.53656452894211 ] ]
[ 4872.678071458, [ '/minibee/data', 1, 0.47271394729614, 0.51825171709061, 0.53888416290283 ] ]
[ 4872.740502366, [ '/minibee/data', 1, 0.46758636832237, 0.51690882444382, 0.53802955150604 ] ]
[ 4872.799664969, [ '/minibee/data', 1, 0.46795263886452, 0.51471126079559, 0.53082650899887 ] ]
[ 4872.863235166, [ '/minibee/data', 1, 0.47723111510277, 0.50885117053986, 0.51703089475632 ] ]
[ 4872.915434998, [ '/minibee/data', 1, 0.48504456877708, 0.49627640843391, 0.50238066911697 ] ]
[ 4872.97781616, [ '/minibee/data', 1, 0.49163717031479, 0.48309120535851, 0.48528873920441 ] ]
[ 4873.039839193, [ '/minibee/data', 1, 0.48785251379013, 0.46783053874969, 0.4766206741333 ] ]
[ 4873.112714287, [ '/minibee/data', 1, 0.49322426319122, 0.46734219789505, 0.47857403755188 ] ]
[ 4873.175025652, [ '/minibee/data', 1, 0.48675376176834, 0.47808569669724, 0.48235869407654 ] ]
[ 4873.236733143, [ '/minibee/data', 1, 0.48345744609833, 0.4808936715126, 0.48394578695297 ] ]
[ 4873.298946312, [ '/minibee/data', 1, 0.47894030809402, 0.49114882946014, 0.49407887458801 ] ]
[ 4873.361204679, [ '/minibee/data', 1, 0.46319130063057, 0.47491148114204, 0.50164812803268 ] ]
[ 4873.433693194, [ '/minibee/data', 1, 0.46306923031807, 0.48602125048637, 0.50360149145126 ] ]
[ 4873.495865095, [ '/minibee/data', 1, 0.46074959635735, 0.49029421806335, 0.50250273942947 ] ]
[ 4873.558297099, [ '/minibee/data', 1, 0.472103536129, 0.4906604886055, 0.49884018301964 ] ]
[ 4873.615959191, [ '/minibee/data', 1, 0.48272493481636, 0.48187035322189, 0.49993896484375 ] ]
[ 4873.679557052, [ '/minibee/data', 1, 0.49029421806335, 0.47478941082954, 0.49798560142517 ] ]
[ 4873.731878832, [ '/minibee/data', 1, 0.48956170678139, 0.47161519527435, 0.50006103515625 ] ]
[ 4873.794360066, [ '/minibee/data', 1, 0.48907336592674, 0.47344645857811, 0.49652057886124 ] ]
[ 4873.856702947, [ '/minibee/data', 1, 0.48394578695297, 0.47320228815079, 0.49871811270714 ] ]
[ 4873.929184972, [ '/minibee/data', 1, 0.48614332079887, 0.47552192211151, 0.49822977185249 ] ]
[ 4873.991434586, [ '/minibee/data', 1, 0.48260286450386, 0.4766206741333, 0.49761933088303 ] ]
[ 4874.053828471, [ '/minibee/data', 1, 0.48797461390495, 0.4744231402874, 0.50189232826233 ] ]
[ 4874.116145108, [ '/minibee/data', 1, 0.48870712518692, 0.47808569669724, 0.49993896484375 ] ]
[ 4874.178487378, [ '/minibee/data', 1, 0.48870712518692, 0.47613233327866, 0.49969479441643 ] ]
[ 4874.241062698, [ '/minibee/data', 1, 0.48919546604156, 0.47759735584259, 0.50189232826233 ] ]
[ 4874.313624148, [ '/minibee/data', 1, 0.48003906011581, 0.48492246866226, 0.49920645356178 ] ]
[ 4874.376445577, [ '/minibee/data', 1, 0.47552192211151, 0.49310219287872, 0.49627640843391 ] ]
[ 4874.43879754, [ '/minibee/data', 1, 0.47381272912025, 0.49981686472893, 0.49273592233658 ] ]
[ 4874.496124848, [ '/minibee/data', 1, 0.47466731071472, 0.50372362136841, 0.49261385202408 ] ]
[ 4874.55995873, [ '/minibee/data', 1, 0.4744231402874, 0.50775241851807, 0.49346843361855 ] ]
[ 4874.612410678, [ '/minibee/data', 1, 0.47393479943275, 0.50970578193665, 0.48773044347763 ] ]
[ 4874.675030115, [ '/minibee/data', 1, 0.47161519527435, 0.51678669452667, 0.48785251379013 ] ]
[ 4874.737320632, [ '/minibee/data', 1, 0.46953973174095, 0.52020508050919, 0.48760834336281 ] ]
[ 4874.809986532, [ '/minibee/data', 1, 0.46966183185577, 0.52215844392776, 0.48650959134102 ] ]
[ 4874.872710311, [ '/minibee/data', 1, 0.47320228815079, 0.52008301019669, 0.48663166165352 ] ]
[ 4874.935019145, [ '/minibee/data', 1, 0.47405689954758, 0.52105969190598, 0.48553290963173 ] ]
[ 4874.997146944, [ '/minibee/data', 1, 0.47478941082954, 0.52008301019669, 0.48589915037155 ] ]
[ 4875.059853124, [ '/minibee/data', 1, 0.47588816285133, 0.52252471446991, 0.48541080951691 ] ]
[ 4875.122718609, [ '/minibee/data', 1, 0.4788182079792, 0.52142596244812, 0.48736417293549 ] ]
[ 4875.185230036, [ '/minibee/data', 1, 0.4810157418251, 0.5192283987999, 0.48821878433228 ] ]
[ 4875.2582602, [ '/minibee/data', 1, 0.48284703493118, 0.52020508050919, 0.48712000250816 ] ]
[ 4875.320975762, [ '/minibee/data', 1, 0.48541080951691, 0.5191063284874, 0.4885850250721 ] ]
[ 4875.376218489, [ '/minibee/data', 1, 0.48455622792244, 0.52252471446991, 0.48699793219566 ] ]
[ 4875.440086848, [ '/minibee/data', 1, 0.48614332079887, 0.5280185341835, 0.48504456877708 ] ]
[ 4875.504071304, [ '/minibee/data', 1, 0.48357954621315, 0.52948355674744, 0.48418995738029 ] ]
[ 4875.556306823, [ '/minibee/data', 1, 0.48162618279457, 0.52814066410065, 0.48602125048637 ] ]
[ 4875.618743228, [ '/minibee/data', 1, 0.48003906011581, 0.53912830352783, 0.48895129561424 ] ]
[ 4875.680906711, [ '/minibee/data', 1, 0.48443412780762, 0.5376632809639, 0.4950555562973 ] ]
[ 4875.753638792, [ '/minibee/data', 1, 0.48614332079887, 0.53851789236069, 0.49932852387428 ] ]
[ 4875.81614183, [ '/minibee/data', 1, 0.48882919549942, 0.53509950637817, 0.49652057886124 ] ]
[ 4875.878372918, [ '/minibee/data', 1, 0.49212551116943, 0.53119277954102, 0.49310219287872 ] ]
[ 4875.940666364, [ '/minibee/data', 1, 0.4928580224514, 0.52826273441315, 0.4906604886055 ] ]
[ 4876.003019821, [ '/minibee/data', 1, 0.49212551116943, 0.52875107526779, 0.48980587720871 ] ]
[ 4876.065428869, [ '/minibee/data', 1, 0.49175924062729, 0.52814066410065, 0.48821878433228 ] ]
[ 4876.138028251, [ '/minibee/data', 1, 0.49005004763603, 0.52899521589279, 0.48943963646889 ] ]
[ 4876.200527239, [ '/minibee/data', 1, 0.48882919549942, 0.52838480472565, 0.48834085464478 ] ]
[ 4876.262878532, [ '/minibee/data', 1, 0.48663166165352, 0.52936148643494, 0.49114882946014 ] ]
[ 4876.35549176, [ '/minibee/data', 1, 0.48663166165352, 0.52753019332886, 0.48992797732353 ] ]
[ 4876.489389734, [ '/minibee/data', 1, 0.4862654209137, 0.52606517076492, 0.48785251379013 ] ]
[ 4876.634275632, [ '/minibee/data', 1, 0.48125991225243, 0.52826273441315, 0.49200341105461 ] ]
[ 4876.696887222, [ '/minibee/data', 1, 0.47576609253883, 0.53705286979675, 0.49261385202408 ] ]
[ 4876.738888367, [ '/minibee/data', 1, 0.47906237840652, 0.52862900495529, 0.4929800927639 ] ]
[ 4876.801265137, [ '/minibee/data', 1, 0.50787448883057, 0.49175924062729, 0.53107070922852 ] ]
[ 4876.864811122, [ '/minibee/data', 1, 0.50372362136841, 0.48309120535851, 0.51947259902954 ] ]
[ 4876.928431244, [ '/minibee/data', 1, 0.50384569168091, 0.4862654209137, 0.5235013961792 ] ]
[ 4876.980716502, [ '/minibee/data', 1, 0.50299108028412, 0.48052740097046, 0.51800757646561 ] ]
[ 4877.043074554, [ '/minibee/data', 1, 0.50433403253555, 0.47857403755188, 0.51812964677811 ] ]
[ 4877.105448742, [ '/minibee/data', 1, 0.50189232826233, 0.48553290963173, 0.51568794250488 ] ]
[ 4877.178062374, [ '/minibee/data', 1, 0.50579905509949, 0.4786961376667, 0.51996093988419 ] ]
[ 4877.240289937, [ '/minibee/data', 1, 0.50518864393234, 0.48455622792244, 0.52496641874313 ] ]
[ 4877.302814558, [ '/minibee/data', 1, 0.49652057886124, 0.50115978717804, 0.52960568666458 ] ]
[ 4877.365382609, [ '/minibee/data', 1, 0.50457817316055, 0.48418995738029, 0.5232572555542 ] ]
[ 4877.428066986, [ '/minibee/data', 1, 0.49041631817818, 0.51959466934204, 0.52228057384491 ] ]
[ 4877.491464194, [ '/minibee/data', 1, 0.48382371664047, 0.53961664438248, 0.4951776266098 ] ]
[ 4877.55384919, [ '/minibee/data', 1, 0.49200341105461, 0.51788550615311, 0.4766206741333 ] ]
[ 4877.626178262, [ '/minibee/data', 1, 0.49407887458801, 0.5189842581749, 0.46770846843719 ] ]
[ 4877.688453827, [ '/minibee/data', 1, 0.50067144632339, 0.50360149145126, 0.4646563231945 ] ]
[ 4877.750716734, [ '/minibee/data', 1, 0.5090953707695, 0.48943963646889, 0.46905139088631 ] ]
[ 4877.813127281, [ '/minibee/data', 1, 0.50970578193665, 0.48748627305031, 0.47271394729614 ] ]
[ 4877.872788601, [ '/minibee/data', 1, 0.50543278455734, 0.49627640843391, 0.46807470917702 ] ]
[ 4877.945483639, [ '/minibee/data', 1, 0.4928580224514, 0.53668659925461, 0.44500061869621 ] ]
[ 4878.016797505, [ '/minibee/data', 1, 0.49444511532784, 0.5236234664917, 0.46807470917702 ] ]
[ 4878.080866407, [ '/minibee/data', 1, 0.50885117053986, 0.48284703493118, 0.5188621878624 ] ]
[ 4878.133146995, [ '/minibee/data', 1, 0.49835184216499, 0.48174825310707, 0.52618730068207 ] ]
[ 4878.195407897, [ '/minibee/data', 1, 0.49713099002838, 0.47930654883385, 0.51678669452667 ] ]
[ 4878.257707224, [ '/minibee/data', 1, 0.50128191709518, 0.47942864894867, 0.52044928073883 ] ]
[ 4878.330038515, [ '/minibee/data', 1, 0.50384569168091, 0.47478941082954, 0.51495546102524 ] ]
[ 4878.392246029, [ '/minibee/data', 1, 0.5047003030777, 0.47955071926117, 0.51507753133774 ] ]
[ 4878.454515903, [ '/minibee/data', 1, 0.5090953707695, 0.48064950108528, 0.51165914535522 ] ]
[ 4878.516782528, [ '/minibee/data', 1, 0.5188621878624, 0.48333537578583, 0.50665366649628 ] ]
[ 4878.579198836, [ '/minibee/data', 1, 0.53827369213104, 0.48821878433228, 0.51776337623596 ] ]
[ 4878.64145435, [ '/minibee/data', 1, 0.53790748119354, 0.48675376176834, 0.51458919048309 ] ]
[ 4878.714172334, [ '/minibee/data', 1, 0.52618730068207, 0.49200341105461, 0.5191063284874 ] ]
[ 4878.776554076, [ '/minibee/data', 1, 0.53021609783173, 0.49041631817818, 0.5189842581749 ] ]
[ 4878.920598358, [ '/minibee/data', 1, 0.51837384700775, 0.48760834336281, 0.51776337623596 ] ]
[ 4879.126571962, [ '/minibee/data', 1, 0.52386766672134, 0.48553290963173, 0.51532167196274 ] ]
[ 4879.32274609, [ '/minibee/data', 1, 0.52130389213562, 0.48516663908958, 0.51642048358917 ] ]
[ 4879.380957023, [ '/minibee/data', 1, 0.5191063284874, 0.48541080951691, 0.51654255390167 ] ]
[ 4879.443181096, [ '/minibee/data', 1, 0.51983886957169, 0.48418995738029, 0.51532167196274 ] ]
[ 4879.505546125, [ '/minibee/data', 1, 0.5236234664917, 0.48333537578583, 0.51556587219238 ] ]
[ 4879.578377542, [ '/minibee/data', 1, 0.52447807788849, 0.48480039834976, 0.51434499025345 ] ]
[ 4879.64066799, [ '/minibee/data', 1, 0.52081555128098, 0.48174825310707, 0.51300209760666 ] ]
[ 4879.702905077, [ '/minibee/data', 1, 0.51165914535522, 0.47710901498795, 0.51214748620987 ] ]
[ 4879.765115561, [ '/minibee/data', 1, 0.49847394227982, 0.46868515014648, 0.51471126079559 ] ]
[ 4879.82744474, [ '/minibee/data', 1, 0.50018310546875, 0.46209254860878, 0.5192283987999 ] ]
[ 4879.890017281, [ '/minibee/data', 1, 0.5050665140152, 0.4602612555027, 0.52191430330276 ] ]
[ 4879.953408222, [ '/minibee/data', 1, 0.50262480974197, 0.4700280725956, 0.53009402751923 ] ]
[ 4880.017340262, [ '/minibee/data', 1, 0.50799655914307, 0.47955071926117, 0.53314614295959 ] ]
[ 4880.081421297, [ '/minibee/data', 1, 0.50750821828842, 0.48687583208084, 0.5376632809639 ] ]
[ 4880.133389005, [ '/minibee/data', 1, 0.51190328598022, 0.49053838849068, 0.54059332609177 ] ]
[ 4880.209342768, [ '/minibee/data', 1, 0.51519960165024, 0.48443412780762, 0.54254668951035 ] ]
[ 4880.353605881, [ '/minibee/data', 1, 0.50860702991486, 0.4929800927639, 0.55145889520645 ] ]
[ 4880.417339499, [ '/minibee/data', 1, 0.50994992256165, 0.49627640843391, 0.54816263914108 ] ]
[ 4880.469777579, [ '/minibee/data', 1, 0.51092660427094, 0.49676474928856, 0.54450005292892 ] ]
[ 4880.532119022, [ '/minibee/data', 1, 0.50885117053986, 0.48797461390495, 0.53839582204819 ] ]
[ 4880.594449141, [ '/minibee/data', 1, 0.51092660427094, 0.49114882946014, 0.53888416290283 ] ]
[ 4880.667053042, [ '/minibee/data', 1, 0.50848489999771, 0.49310219287872, 0.53802955150604 ] ]
[ 4880.729421659, [ '/minibee/data', 1, 0.51153707504272, 0.49151507019997, 0.53937250375748 ] ]
[ 4880.791899091, [ '/minibee/data', 1, 0.5232572555542, 0.48895129561424, 0.53290194272995 ] ]
[ 4880.854368805, [ '/minibee/data', 1, 0.55451107025146, 0.48699793219566, 0.52105969190598 ] ]
[ 4880.916833752, [ '/minibee/data', 1, 0.54938346147537, 0.49017214775085, 0.52460014820099 ] ]
[ 4880.979470083, [ '/minibee/data', 1, 0.55414479970932, 0.49139299988747, 0.52032721042633 ] ]
[ 4881.042203192, [ '/minibee/data', 1, 0.54559880495071, 0.49847394227982, 0.52105969190598 ] ]
[ 4881.114855367, [ '/minibee/data', 1, 0.53558784723282, 0.49615430831909, 0.53131484985352 ] ]
[ 4881.177418396, [ '/minibee/data', 1, 0.52691978216171, 0.49420094490051, 0.53937250375748 ] ]
[ 4881.239744137, [ '/minibee/data', 1, 0.52179223299026, 0.49236968159676, 0.54681968688965 ] ]
[ 4881.298090281, [ '/minibee/data', 1, 0.51678669452667, 0.49102672934532, 0.55060434341431 ] ]
[ 4881.361671781, [ '/minibee/data', 1, 0.51410084962845, 0.48577708005905, 0.54962766170502 ] ]
[ 4881.425755418, [ '/minibee/data', 1, 0.5093395113945, 0.4863874912262, 0.54401171207428 ] ]
[ 4881.477689479, [ '/minibee/data', 1, 0.51287996768951, 0.47820779681206, 0.53461116552353 ] ]
[ 4881.703358208, [ '/minibee/data', 1, 0.51568794250488, 0.47527775168419, 0.51458919048309 ] ]
[ 4881.767225866, [ '/minibee/data', 1, 0.50982785224915, 0.48003906011581, 0.51947259902954 ] ]
[ 4881.819215433, [ '/minibee/data', 1, 0.51874005794525, 0.47320228815079, 0.50982785224915 ] ]
[ 4881.88973329, [ '/minibee/data', 1, 0.50860702991486, 0.48516663908958, 0.5134904384613 ] ]
[ 4881.942092093, [ '/minibee/data', 1, 0.5138566493988, 0.50848489999771, 0.51336830854416 ] ]
[ 4882.004566848, [ '/minibee/data', 1, 0.53180319070816, 0.52826273441315, 0.49481138586998 ] ]
[ 4882.066953065, [ '/minibee/data', 1, 0.51837384700775, 0.53705286979675, 0.49212551116943 ] ]
[ 4882.139340613, [ '/minibee/data', 1, 0.52814066410065, 0.53461116552353, 0.51275789737701 ] ]
[ 4882.201786298, [ '/minibee/data', 1, 0.5235013961792, 0.52374559640884, 0.4928580224514 ] ]
[ 4882.264405535, [ '/minibee/data', 1, 0.52740812301636, 0.53583198785782, 0.50445610284805 ] ]
[ 4882.326936151, [ '/minibee/data', 1, 0.509217441082, 0.53827369213104, 0.49945062398911 ] ]
[ 4882.389368361, [ '/minibee/data', 1, 0.50982785224915, 0.54144793748856, 0.50323528051376 ] ]
[ 4882.451984369, [ '/minibee/data', 1, 0.51703089475632, 0.54535466432571, 0.51678669452667 ] ]
[ 4882.514503445, [ '/minibee/data', 1, 0.49908435344696, 0.54938346147537, 0.52496641874313 ] ]
[ 4882.597424529, [ '/minibee/data', 1, 0.49969479441643, 0.54950553178787, 0.52533268928528 ] ]
[ 4882.659816039, [ '/minibee/data', 1, 0.50799655914307, 0.55829566717148, 0.52972775697708 ] ]
[ 4882.712376146, [ '/minibee/data', 1, 0.50763034820557, 0.54706382751465, 0.52179223299026 ] ]
[ 4882.774918971, [ '/minibee/data', 1, 0.51226955652237, 0.53986084461212, 0.50885117053986 ] ]
[ 4882.837442485, [ '/minibee/data', 1, 0.51739716529846, 0.53717494010925, 0.50824075937271 ] ]
[ 4882.89988195, [ '/minibee/data', 1, 0.51666462421417, 0.53265780210495, 0.50836282968521 ] ]
[ 4882.962268219, [ '/minibee/data', 1, 0.51397877931595, 0.51812964677811, 0.50653153657913 ] ]
[ 4883.035062609, [ '/minibee/data', 1, 0.50274693965912, 0.50567698478699, 0.49822977185249 ] ]
[ 4883.097793124, [ '/minibee/data', 1, 0.50042730569839, 0.49822977185249, 0.49529972672462 ] ]
[ 4883.160127818, [ '/minibee/data', 1, 0.50665366649628, 0.5090953707695, 0.50152605772018 ] ]
[ 4883.222781656, [ '/minibee/data', 1, 0.52057135105133, 0.50811868906021, 0.49224758148193 ] ]
[ 4883.285076577, [ '/minibee/data', 1, 0.51739716529846, 0.50201439857483, 0.48602125048637 ] ]
[ 4883.346370056, [ '/minibee/data', 1, 0.52008301019669, 0.49810767173767, 0.47894030809402 ] ]
[ 4883.410665779, [ '/minibee/data', 1, 0.5090953707695, 0.47991698980331, 0.44292515516281 ] ]
[ 4883.474033569, [ '/minibee/data', 1, 0.50885117053986, 0.47820779681206, 0.44732022285461 ] ]
[ 4883.525948979, [ '/minibee/data', 1, 0.50384569168091, 0.47503358125687, 0.45122694969177 ] ]
[ 4883.588238273, [ '/minibee/data', 1, 0.50054937601089, 0.4744231402874, 0.45318031311035 ] ]
[ 4883.650602105, [ '/minibee/data', 1, 0.49554389715195, 0.47686484456062, 0.46184837818146 ] ]
[ 4883.723279658, [ '/minibee/data', 1, 0.48992797732353, 0.47784152626991, 0.47246977686882 ] ]
[ 4883.785827213, [ '/minibee/data', 1, 0.49102672934532, 0.4788182079792, 0.47698694467545 ] ]
[ 4883.848203987, [ '/minibee/data', 1, 0.49761933088303, 0.47906237840652, 0.47332438826561 ] ]
[ 4883.910526951, [ '/minibee/data', 1, 0.5090953707695, 0.4788182079792, 0.46343547105789 ] ]
[ 4883.97296929, [ '/minibee/data', 1, 0.51593214273453, 0.48968380689621, 0.46538883447647 ] ]
[ 4884.035204801, [ '/minibee/data', 1, 0.53058236837387, 0.50079357624054, 0.45952874422073 ] ]
[ 4884.107682204, [ '/minibee/data', 1, 0.53619825839996, 0.5137345790863, 0.46685385704041 ] ]
[ 4884.169885495, [ '/minibee/data', 1, 0.53058236837387, 0.52838480472565, 0.48785251379013 ] ]
[ 4884.226511339, [ '/minibee/data', 1, 0.53009402751923, 0.5236234664917, 0.50079357624054 ] ]
[ 4884.290469561, [ '/minibee/data', 1, 0.51434499025345, 0.51471126079559, 0.50079357624054 ] ]
[ 4884.342407645, [ '/minibee/data', 1, 0.51715296506882, 0.51556587219238, 0.50531071424484 ] ]
[ 4884.404763635, [ '/minibee/data', 1, 0.52020508050919, 0.51446712017059, 0.50408983230591 ] ]
[ 4884.467030296, [ '/minibee/data', 1, 0.51849591732025, 0.51410084962845, 0.5047003030777 ] ]
[ 4884.539835779, [ '/minibee/data', 1, 0.52240264415741, 0.52081555128098, 0.50384569168091 ] ]
[ 4884.602083933, [ '/minibee/data', 1, 0.51446712017059, 0.52276891469955, 0.50665366649628 ] ]
[ 4884.664489425, [ '/minibee/data', 1, 0.51825171709061, 0.52447807788849, 0.50640946626663 ] ]
[ 4884.726841999, [ '/minibee/data', 1, 0.5138566493988, 0.52850687503815, 0.5090953707695 ] ]
[ 4884.789201813, [ '/minibee/data', 1, 0.51092660427094, 0.52911734580994, 0.51275789737701 ] ]
[ 4884.851586066, [ '/minibee/data', 1, 0.50628739595413, 0.53216946125031, 0.51312416791916 ] ]
[ 4884.92387446, [ '/minibee/data', 1, 0.50543278455734, 0.52862900495529, 0.51275789737701 ] ]
[ 4884.986129731, [ '/minibee/data', 1, 0.5050665140152, 0.52643144130707, 0.51544380187988 ] ]
[ 4885.048229881, [ '/minibee/data', 1, 0.50238066911697, 0.52753019332886, 0.5189842581749 ] ]
[ 4885.107435832, [ '/minibee/data', 1, 0.50091564655304, 0.52411180734634, 0.51825171709061 ] ]
[ 4885.171041077, [ '/minibee/data', 1, 0.50030523538589, 0.5235013961792, 0.5189842581749 ] ]
[ 4885.305379568, [ '/minibee/data', 1, 0.50067144632339, 0.5235013961792, 0.51996093988419 ] ]
[ 4885.369273835, [ '/minibee/data', 1, 0.50299108028412, 0.52203637361526, 0.51959466934204 ] ]
[ 4885.431500919, [ '/minibee/data', 1, 0.50201439857483, 0.5236234664917, 0.51996093988419 ] ]
[ 4885.493834274, [ '/minibee/data', 1, 0.50042730569839, 0.52252471446991, 0.52118176221848 ] ]
[ 4885.556615799, [ '/minibee/data', 1, 0.50140398740768, 0.52374559640884, 0.52057135105133 ] ]
[ 4885.629229961, [ '/minibee/data', 1, 0.50164812803268, 0.52069342136383, 0.52154803276062 ] ]
[ 4885.691333268, [ '/minibee/data', 1, 0.50079357624054, 0.5191063284874, 0.52215844392776 ] ]
[ 4885.753907844, [ '/minibee/data', 1, 0.50042730569839, 0.52044928073883, 0.52289098501205 ] ]
[ 4885.836667421, [ '/minibee/data', 1, 0.50018310546875, 0.5188621878624, 0.52118176221848 ] ]
[ 4886.021515123, [ '/minibee/data', 1, 0.50225859880447, 0.5189842581749, 0.52130389213562 ] ]
[ 4886.084757545, [ '/minibee/data', 1, 0.50372362136841, 0.51935052871704, 0.52264678478241 ] ]
[ 4886.157000033, [ '/minibee/data', 1, 0.50457817316055, 0.52167010307312, 0.52142596244812 ] ]
[ 4886.219806413, [ '/minibee/data', 1, 0.5049444437027, 0.5192283987999, 0.52032721042633 ] ]
[ 4886.282349864, [ '/minibee/data', 1, 0.50433403253555, 0.52057135105133, 0.5189842581749 ] ]
[ 4886.630881003, [ '/minibee/data', 1, 0.51654255390167, 0.5191063284874, 0.51825171709061 ] ]
[ 4888.81993446, [ '/minibee/data', 1, 0.50445610284805, 0.49481138586998, 0.48553290963173 ] ]
[ 4888.963838381, [ '/minibee/data', 1, 0.51287996768951, 0.49029421806335, 0.45440116524696 ] ]
[ 4889.027919575, [ '/minibee/data', 1, 0.48773044347763, 0.48260286450386, 0.44023928046227 ] ]
[ 4889.080123229, [ '/minibee/data', 1, 0.48919546604156, 0.46697595715523, 0.42693200707436 ] ]
[ 4889.142529806, [ '/minibee/data', 1, 0.47552192211151, 0.45879623293877, 0.4395067691803 ] ]
[ 4889.205280046, [ '/minibee/data', 1, 0.48272493481636, 0.45672079920769, 0.46563300490379 ] ]
[ 4889.278203441, [ '/minibee/data', 1, 0.48162618279457, 0.4722256064415, 0.49493345618248 ] ]
[ 4889.340538579, [ '/minibee/data', 1, 0.47466731071472, 0.47723111510277, 0.50177025794983 ] ]
[ 4889.403118887, [ '/minibee/data', 1, 0.48260286450386, 0.49090465903282, 0.51165914535522 ] ]
[ 4889.465518732, [ '/minibee/data', 1, 0.48113784193993, 0.48785251379013, 0.51751923561096 ] ]
[ 4889.527891476, [ '/minibee/data', 1, 0.47771945595741, 0.49566596746445, 0.51581001281738 ] ]
[ 4889.590301473, [ '/minibee/data', 1, 0.48272493481636, 0.49896228313446, 0.50897324085236 ] ]
[ 4889.652650043, [ '/minibee/data', 1, 0.48650959134102, 0.49774143099785, 0.50518864393234 ] ]
[ 4889.725425568, [ '/minibee/data', 1, 0.48797461390495, 0.50140398740768, 0.50579905509949 ] ]
[ 4889.78762958, [ '/minibee/data', 1, 0.47857403755188, 0.49981686472893, 0.50457817316055 ] ]
[ 4889.843985047, [ '/minibee/data', 1, 0.48272493481636, 0.49627640843391, 0.50030523538589 ] ]
[ 4889.907816482, [ '/minibee/data', 1, 0.48760834336281, 0.48663166165352, 0.49993896484375 ] ]
[ 4889.960270207, [ '/minibee/data', 1, 0.47149309515953, 0.48968380689621, 0.50518864393234 ] ]
[ 4890.022569522, [ '/minibee/data', 1, 0.47967281937599, 0.47454524040222, 0.50616532564163 ] ]
[ 4890.084722978, [ '/minibee/data', 1, 0.47454524040222, 0.48443412780762, 0.50518864393234 ] ]
[ 4890.157542436, [ '/minibee/data', 1, 0.4744231402874, 0.47991698980331, 0.50543278455734 ] ]
[ 4890.219912176, [ '/minibee/data', 1, 0.47601026296616, 0.48333537578583, 0.50543278455734 ] ]
[ 4890.28226234, [ '/minibee/data', 1, 0.47564399242401, 0.48113784193993, 0.50396776199341 ] ]
[ 4890.344372652, [ '/minibee/data', 1, 0.47894030809402, 0.48345744609833, 0.48797461390495 ] ]
[ 4890.406824219, [ '/minibee/data', 1, 0.47405689954758, 0.51507753133774, 0.47747528553009 ] ]
[ 4890.469196871, [ '/minibee/data', 1, 0.51751923561096, 0.49945062398911, 0.48077157139778 ] ]
[ 4890.541834121, [ '/minibee/data', 1, 0.50689780712128, 0.51275789737701, 0.50384569168091 ] ]
[ 4890.604100851, [ '/minibee/data', 1, 0.5188621878624, 0.49615430831909, 0.5236234664917 ] ]
[ 4890.676769035, [ '/minibee/data', 1, 0.52215844392776, 0.52862900495529, 0.56684166193008 ] ]
[ 4890.748976475, [ '/minibee/data', 1, 0.52923941612244, 0.51556587219238, 0.54132586717606 ] ]
[ 4890.791117928, [ '/minibee/data', 1, 0.50775241851807, 0.51556587219238, 0.46306923031807 ] ]
[ 4890.853523022, [ '/minibee/data', 1, 0.51007205247879, 0.49676474928856, 0.45525577664375 ] ]
[ 4890.926387275, [ '/minibee/data', 1, 0.47845196723938, 0.43853008747101, 0.41887438297272 ] ]
[ 4891.14127131, [ '/minibee/data', 1, 0.47124892473221, 0.57404470443726, 0.43755340576172 ] ]
[ 4891.215044485, [ '/minibee/data', 1, 0.52105969190598, 0.53827369213104, 0.50677573680878 ] ]
[ 4891.257463595, [ '/minibee/data', 1, 0.48968380689621, 0.48919546604156, 0.48394578695297 ] ]
[ 4891.320159546, [ '/minibee/data', 1, 0.50433403253555, 0.50543278455734, 0.4973751604557 ] ]
[ 4891.382473709, [ '/minibee/data', 1, 0.51935052871704, 0.53241360187531, 0.51263582706451 ] ]
[ 4891.444734997, [ '/minibee/data', 1, 0.50164812803268, 0.54108166694641, 0.53265780210495 ] ]
[ 4891.51260975, [ '/minibee/data', 1, 0.49847394227982, 0.55438894033432, 0.53351241350174 ] ]
[ 4891.575303246, [ '/minibee/data', 1, 0.49420094490051, 0.54669761657715, 0.54022705554962 ] ]
[ 4891.637755638, [ '/minibee/data', 1, 0.50323528051376, 0.5420583486557, 0.54913932085037 ] ]
[ 4891.710586246, [ '/minibee/data', 1, 0.46892932057381, 0.54767429828644, 0.54572093486786 ] ]
[ 4891.773647653, [ '/minibee/data', 1, 0.46722012758255, 0.5418142080307, 0.53851789236069 ] ]
[ 4891.836429281, [ '/minibee/data', 1, 0.48492246866226, 0.56513243913651, 0.52008301019669 ] ]
[ 4891.899519172, [ '/minibee/data', 1, 0.51178121566772, 0.54938346147537, 0.49212551116943 ] ]
[ 4891.961813314, [ '/minibee/data', 1, 0.49945062398911, 0.53485530614853, 0.50958371162415 ] ]
[ 4892.024227314, [ '/minibee/data', 1, 0.49102672934532, 0.53155905008316, 0.51507753133774 ] ]
[ 4892.086647763, [ '/minibee/data', 1, 0.48443412780762, 0.52862900495529, 0.49346843361855 ] ]
[ 4892.149126074, [ '/minibee/data', 1, 0.47930654883385, 0.5280185341835, 0.48077157139778 ] ]
[ 4892.221597476, [ '/minibee/data', 1, 0.49200341105461, 0.52093762159348, 0.47894030809402 ] ]
[ 4892.284269218, [ '/minibee/data', 1, 0.48809668421745, 0.52728605270386, 0.4808936715126 ] ]
[ 4892.340993365, [ '/minibee/data', 1, 0.49273592233658, 0.5134904384613, 0.49236968159676 ] ]
[ 4892.404598123, [ '/minibee/data', 1, 0.49908435344696, 0.51617628335953, 0.51019412279129 ] ]
[ 4892.457046766, [ '/minibee/data', 1, 0.50128191709518, 0.51800757646561, 0.51287996768951 ] ]
[ 4892.51940447, [ '/minibee/data', 1, 0.50018310546875, 0.51825171709061, 0.5050665140152 ] ]
[ 4892.581613652, [ '/minibee/data', 1, 0.49981686472893, 0.51239162683487, 0.51092660427094 ] ]
[ 4892.654081907, [ '/minibee/data', 1, 0.49810767173767, 0.50396776199341, 0.51410084962845 ] ]
[ 4892.716522475, [ '/minibee/data', 1, 0.49920645356178, 0.51275789737701, 0.51605421304703 ] ]
[ 4892.779249712, [ '/minibee/data', 1, 0.4929800927639, 0.50079357624054, 0.51983886957169 ] ]
[ 4892.841579643, [ '/minibee/data', 1, 0.49224758148193, 0.51080453395844, 0.51202541589737 ] ]
[ 4892.904095667, [ '/minibee/data', 1, 0.49481138586998, 0.48773044347763, 0.52716398239136 ] ]
[ 4892.96861444, [ '/minibee/data', 1, 0.4928580224514, 0.50421196222305, 0.52435600757599 ] ]
[ 4893.031070897, [ '/minibee/data', 1, 0.49835184216499, 0.47991698980331, 0.51959466934204 ] ]
[ 4893.093443782, [ '/minibee/data', 1, 0.49945062398911, 0.47185936570168, 0.51800757646561 ] ]
[ 4893.165899471, [ '/minibee/data', 1, 0.49713099002838, 0.47576609253883, 0.51629835367203 ] ]
[ 4893.228263446, [ '/minibee/data', 1, 0.49847394227982, 0.45476743578911, 0.5050665140152 ] ]
[ 4893.290947762, [ '/minibee/data', 1, 0.48455622792244, 0.46746429800987, 0.50714200735092 ] ]
[ 4893.353374887, [ '/minibee/data', 1, 0.49139299988747, 0.46966183185577, 0.50701987743378 ] ]
[ 4893.415699129, [ '/minibee/data', 1, 0.48296910524368, 0.47320228815079, 0.50531071424484 ] ]
[ 4893.47703329, [ '/minibee/data', 1, 0.48406788706779, 0.4744231402874, 0.50640946626663 ] ]
[ 4893.549682298, [ '/minibee/data', 1, 0.48650959134102, 0.46367964148521, 0.50531071424484 ] ]
[ 4893.605340136, [ '/minibee/data', 1, 0.49359053373337, 0.46648761630058, 0.50347942113876 ] ]
[ 4893.668928496, [ '/minibee/data', 1, 0.50030523538589, 0.4699060022831, 0.5049444437027 ] ]
[ 4893.73275626, [ '/minibee/data', 1, 0.50079357624054, 0.4722256064415, 0.50701987743378 ] ]
[ 4893.785315852, [ '/minibee/data', 1, 0.50726407766342, 0.46514466404915, 0.5048223733902 ] ]
[ 4893.848063271, [ '/minibee/data', 1, 0.50787448883057, 0.46722012758255, 0.50958371162415 ] ]
[ 4893.910734902, [ '/minibee/data', 1, 0.50518864393234, 0.46758636832237, 0.50824075937271 ] ]
[ 4893.989008388, [ '/minibee/data', 1, 0.50262480974197, 0.47149309515953, 0.5090953707695 ] ]
[ 4894.041756693, [ '/minibee/data', 1, 0.50262480974197, 0.47039434313774, 0.50811868906021 ] ]
[ 4894.104463449, [ '/minibee/data', 1, 0.50006103515625, 0.46917349100113, 0.50665366649628 ] ]
[ 4894.167017091, [ '/minibee/data', 1, 0.49810767173767, 0.47076058387756, 0.5049444437027 ] ]
[ 4894.229560361, [ '/minibee/data', 1, 0.49993896484375, 0.46880722045898, 0.50311315059662 ] ]
[ 4894.302188267, [ '/minibee/data', 1, 0.49249175190926, 0.47100475430489, 0.50372362136841 ] ]
[ 4894.364831145, [ '/minibee/data', 1, 0.48907336592674, 0.4743010699749, 0.50238066911697 ] ]
[ 4894.427081469, [ '/minibee/data', 1, 0.48919546604156, 0.47259187698364, 0.50042730569839 ] ]
[ 4894.489531718, [ '/minibee/data', 1, 0.48773044347763, 0.47271394729614, 0.50103771686554 ] ]
[ 4894.551865446, [ '/minibee/data', 1, 0.48480039834976, 0.47588816285133, 0.50091564655304 ] ]
[ 4894.61429338, [ '/minibee/data', 1, 0.48296910524368, 0.47539982199669, 0.49859601259232 ] ]
[ 4894.686997126, [ '/minibee/data', 1, 0.48272493481636, 0.47381272912025, 0.49957269430161 ] ]
[ 4894.741339108, [ '/minibee/data', 1, 0.4810157418251, 0.47515565156937, 0.50006103515625 ] ]
[ 4894.805199955, [ '/minibee/data', 1, 0.47906237840652, 0.47710901498795, 0.50006103515625 ] ]
[ 4894.869123551, [ '/minibee/data', 1, 0.4786961376667, 0.47832986712456, 0.49468928575516 ] ]
[ 4894.921345347, [ '/minibee/data', 1, 0.4766206741333, 0.48003906011581, 0.49578806757927 ] ]
[ 4894.983726176, [ '/minibee/data', 1, 0.47588816285133, 0.47967281937599, 0.49615430831909 ] ]
[ 4895.046234106, [ '/minibee/data', 1, 0.47588816285133, 0.48223659396172, 0.49395677447319 ] ]
[ 4895.118490432, [ '/minibee/data', 1, 0.47527775168419, 0.48382371664047, 0.49163717031479 ] ]
[ 4895.180960908, [ '/minibee/data', 1, 0.47356855869293, 0.4862654209137, 0.4929800927639 ] ]
[ 4895.243538, [ '/minibee/data', 1, 0.47454524040222, 0.48663166165352, 0.49224758148193 ] ]
[ 4895.305897583, [ '/minibee/data', 1, 0.47466731071472, 0.48809668421745, 0.49151507019997 ] ]
[ 4895.368159329, [ '/minibee/data', 1, 0.47295811772346, 0.49017214775085, 0.49053838849068 ] ]
[ 4895.430522292, [ '/minibee/data', 1, 0.47295811772346, 0.49224758148193, 0.49114882946014 ] ]
[ 4895.502971095, [ '/minibee/data', 1, 0.472103536129, 0.4951776266098, 0.49090465903282 ] ]
[ 4895.565111321, [ '/minibee/data', 1, 0.46941766142845, 0.49932852387428, 0.49005004763603 ] ]
[ 4895.62843472, [ '/minibee/data', 1, 0.46819680929184, 0.49993896484375, 0.48748627305031 ] ]
[ 4895.690819146, [ '/minibee/data', 1, 0.46819680929184, 0.49993896484375, 0.48809668421745 ] ]
[ 4895.753236519, [ '/minibee/data', 1, 0.46892932057381, 0.50238066911697, 0.48797461390495 ] ]
[ 4895.815509146, [ '/minibee/data', 1, 0.46892932057381, 0.50323528051376, 0.48748627305031 ] ]
[ 4895.887871814, [ '/minibee/data', 1, 0.46978390216827, 0.50543278455734, 0.4885850250721 ] ]
[ 4895.95023195, [ '/minibee/data', 1, 0.47112685441971, 0.50579905509949, 0.48760834336281 ] ]
[ 4896.012579433, [ '/minibee/data', 1, 0.4699060022831, 0.50677573680878, 0.48748627305031 ] ]
[ 4896.069685706, [ '/minibee/data', 1, 0.47063851356506, 0.50824075937271, 0.48821878433228 ] ]
[ 4896.133471316, [ '/minibee/data', 1, 0.47149309515953, 0.50836282968521, 0.48699793219566 ] ]
[ 4896.277770348, [ '/minibee/data', 1, 0.4743010699749, 0.51690882444382, 0.4885850250721 ] ]
[ 4896.350316484, [ '/minibee/data', 1, 0.47552192211151, 0.51776337623596, 0.48699793219566 ] ]
[ 4896.422897355, [ '/minibee/data', 1, 0.47723111510277, 0.51935052871704, 0.48748627305031 ] ]
[ 4896.475832535, [ '/minibee/data', 1, 0.48077157139778, 0.5192283987999, 0.48773044347763 ] ]
[ 4896.537987595, [ '/minibee/data', 1, 0.47991698980331, 0.52032721042633, 0.48785251379013 ] ]
[ 4896.601102058, [ '/minibee/data', 1, 0.4808936715126, 0.52142596244812, 0.48785251379013 ] ]
[ 4896.744906041, [ '/minibee/data', 1, 0.48138201236725, 0.52386766672134, 0.48797461390495 ] ]
[ 4896.8080741, [ '/minibee/data', 1, 0.48162618279457, 0.52460014820099, 0.4863874912262 ] ]
[ 4896.870068456, [ '/minibee/data', 1, 0.48211452364922, 0.52606517076492, 0.48785251379013 ] ]
[ 4896.933784908, [ '/minibee/data', 1, 0.48406788706779, 0.52521061897278, 0.48773044347763 ] ]
[ 4896.997889473, [ '/minibee/data', 1, 0.48467829823494, 0.52630937099457, 0.48895129561424 ] ]
[ 4897.049764812, [ '/minibee/data', 1, 0.48382371664047, 0.52704185247421, 0.48870712518692 ] ]
[ 4897.112816921, [ '/minibee/data', 1, 0.48577708005905, 0.52618730068207, 0.48943963646889 ] ]
[ 4897.175245252, [ '/minibee/data', 1, 0.48712000250816, 0.527896463871, 0.48907336592674 ] ]
[ 4897.247725308, [ '/minibee/data', 1, 0.48724210262299, 0.52862900495529, 0.48882919549942 ] ]
[ 4897.310550167, [ '/minibee/data', 1, 0.48589915037155, 0.52875107526779, 0.48882919549942 ] ]
[ 4897.372869859, [ '/minibee/data', 1, 0.48687583208084, 0.53021609783173, 0.48956170678139 ] ]
[ 4897.435287918, [ '/minibee/data', 1, 0.48809668421745, 0.52972775697708, 0.48943963646889 ] ]
[ 4897.497095392, [ '/minibee/data', 1, 0.48968380689621, 0.52887314558029, 0.48919546604156 ] ]
[ 4897.559800701, [ '/minibee/data', 1, 0.49102672934532, 0.52862900495529, 0.49017214775085 ] ]
[ 4897.632487124, [ '/minibee/data', 1, 0.49200341105461, 0.5280185341835, 0.49127089977264 ] ]
[ 4897.694865694, [ '/minibee/data', 1, 0.49212551116943, 0.52936148643494, 0.49175924062729 ] ]
[ 4897.750114958, [ '/minibee/data', 1, 0.49334636330605, 0.52887314558029, 0.49102672934532 ] ]
[ 4897.814082991, [ '/minibee/data', 1, 0.49224758148193, 0.52997189760208, 0.490782558918 ] ]
[ 4897.866652606, [ '/minibee/data', 1, 0.49395677447319, 0.53033816814423, 0.49114882946014 ] ]
[ 4897.929002273, [ '/minibee/data', 1, 0.49383470416069, 0.53119277954102, 0.49127089977264 ] ]
[ 4897.991282577, [ '/minibee/data', 1, 0.4951776266098, 0.53107070922852, 0.49163717031479 ] ]
[ 4898.06359682, [ '/minibee/data', 1, 0.49529972672462, 0.53204739093781, 0.49236968159676 ] ]
[ 4898.126083737, [ '/minibee/data', 1, 0.49566596746445, 0.53168112039566, 0.49224758148193 ] ]
[ 4898.188391974, [ '/minibee/data', 1, 0.49749726057053, 0.53180319070816, 0.49273592233658 ] ]
[ 4898.250902548, [ '/minibee/data', 1, 0.49957269430161, 0.53058236837387, 0.49359053373337 ] ]
[ 4898.31335182, [ '/minibee/data', 1, 0.50042730569839, 0.53046023845673, 0.49432304501534 ] ]
[ 4898.375607553, [ '/minibee/data', 1, 0.49847394227982, 0.53180319070816, 0.4929800927639 ] ]
[ 4898.448382406, [ '/minibee/data', 1, 0.49908435344696, 0.53326821327209, 0.49200341105461 ] ]
[ 4898.510743011, [ '/minibee/data', 1, 0.50018310546875, 0.53290194272995, 0.4929800927639 ] ]
[ 4898.574426913, [ '/minibee/data', 1, 0.50115978717804, 0.53192526102066, 0.49383470416069 ] ]
[ 4898.637019561, [ '/minibee/data', 1, 0.50323528051376, 0.53143692016602, 0.49432304501534 ] ]
[ 4898.6994239, [ '/minibee/data', 1, 0.50286900997162, 0.53143692016602, 0.49334636330605 ] ]
[ 4898.76186757, [ '/minibee/data', 1, 0.50335735082626, 0.53192526102066, 0.49420094490051 ] ]
[ 4898.822578414, [ '/minibee/data', 1, 0.50421196222305, 0.53058236837387, 0.49432304501534 ] ]
[ 4898.886397874, [ '/minibee/data', 1, 0.5049444437027, 0.53119277954102, 0.4950555562973 ] ]
[ 4898.950416076, [ '/minibee/data', 1, 0.50408983230591, 0.53265780210495, 0.49432304501534 ] ]
[ 4899.002375319, [ '/minibee/data', 1, 0.50274693965912, 0.53326821327209, 0.49407887458801 ] ]
[ 4899.064726331, [ '/minibee/data', 1, 0.50408983230591, 0.53180319070816, 0.49481138586998 ] ]
[ 4899.127136273, [ '/minibee/data', 1, 0.50396776199341, 0.53290194272995, 0.49444511532784 ] ]
[ 4899.199593405, [ '/minibee/data', 1, 0.50421196222305, 0.53155905008316, 0.49529972672462 ] ]
[ 4899.262102704, [ '/minibee/data', 1, 0.50543278455734, 0.53192526102066, 0.49420094490051 ] ]
[ 4899.324350668, [ '/minibee/data', 1, 0.50543278455734, 0.53082650899887, 0.4951776266098 ] ]
[ 4899.386726185, [ '/minibee/data', 1, 0.50726407766342, 0.52960568666458, 0.49652057886124 ] ]
[ 4899.449137207, [ '/minibee/data', 1, 0.50531071424484, 0.53070443868637, 0.49591013789177 ] ]
[ 4899.51165774, [ '/minibee/data', 1, 0.50567698478699, 0.53143692016602, 0.49566596746445 ] ]
[ 4899.584556028, [ '/minibee/data', 1, 0.5048223733902, 0.53131484985352, 0.49468928575516 ] ]
[ 4899.646988441, [ '/minibee/data', 1, 0.50567698478699, 0.53155905008316, 0.49566596746445 ] ]
[ 4899.709066598, [ '/minibee/data', 1, 0.50665366649628, 0.53009402751923, 0.49639847874641 ] ]
[ 4899.771486736, [ '/minibee/data', 1, 0.51287996768951, 0.52508848905563, 0.49566596746445 ] ]
[ 4899.830891965, [ '/minibee/data', 1, 0.52167010307312, 0.52044928073883, 0.48895129561424 ] ]
[ 4899.894758763, [ '/minibee/data', 1, 0.52301305532455, 0.52423393726349, 0.48125991225243 ] ]
[ 4899.94718997, [ '/minibee/data', 1, 0.5375412106514, 0.52179223299026, 0.4884629547596 ] ]
[ 4900.009654017, [ '/minibee/data', 1, 0.53082650899887, 0.51153707504272, 0.49334636330605 ] ]
[ 4900.07237152, [ '/minibee/data', 1, 0.53021609783173, 0.51336830854416, 0.49554389715195 ] ]
[ 4900.145112844, [ '/minibee/data', 1, 0.52923941612244, 0.51068246364594, 0.50628739595413 ] ]
[ 4900.207567089, [ '/minibee/data', 1, 0.52716398239136, 0.51422291994095, 0.50238066911697 ] ]
[ 4900.269894087, [ '/minibee/data', 1, 0.53302407264709, 0.50347942113876, 0.50189232826233 ] ]
[ 4900.332581937, [ '/minibee/data', 1, 0.52240264415741, 0.51996093988419, 0.49957269430161 ] ]
[ 4900.394935589, [ '/minibee/data', 1, 0.52972775697708, 0.51727503538132, 0.49688681960106 ] ]
[ 4900.457431845, [ '/minibee/data', 1, 0.52472227811813, 0.52569895982742, 0.47515565156937 ] ]
[ 4900.519819309, [ '/minibee/data', 1, 0.52667564153671, 0.51971673965454, 0.49786350131035 ] ]
[ 4900.5924077, [ '/minibee/data', 1, 0.52460014820099, 0.52289098501205, 0.49786350131035 ] ]
[ 4900.654940629, [ '/minibee/data', 1, 0.52130389213562, 0.5233793258667, 0.49957269430161 ] ]
[ 4900.710961909, [ '/minibee/data', 1, 0.51690882444382, 0.52936148643494, 0.50201439857483 ] ]
[ 4900.774978993, [ '/minibee/data', 1, 0.51849591732025, 0.52203637361526, 0.50628739595413 ] ]
[ 4900.838666699, [ '/minibee/data', 1, 0.51837384700775, 0.52716398239136, 0.50347942113876 ] ]
[ 4900.890429343, [ '/minibee/data', 1, 0.52020508050919, 0.52460014820099, 0.50531071424484 ] ]
[ 4900.952691462, [ '/minibee/data', 1, 0.52167010307312, 0.51959466934204, 0.50994992256165 ] ]
[ 4901.025381339, [ '/minibee/data', 1, 0.51825171709061, 0.52252471446991, 0.51092660427094 ] ]
[ 4901.088139958, [ '/minibee/data', 1, 0.52069342136383, 0.52057135105133, 0.51092660427094 ] ]
[ 4901.150414862, [ '/minibee/data', 1, 0.52569895982742, 0.5093395113945, 0.5136125087738 ] ]
[ 4901.212042252, [ '/minibee/data', 1, 0.52044928073883, 0.52069342136383, 0.51043826341629 ] ]
[ 4901.274358673, [ '/minibee/data', 1, 0.52508848905563, 0.51507753133774, 0.50799655914307 ] ]
[ 4901.337020632, [ '/minibee/data', 1, 0.53094857931137, 0.50408983230591, 0.50299108028412 ] ]
[ 4901.399475191, [ '/minibee/data', 1, 0.52301305532455, 0.51446712017059, 0.50177025794983 ] ]
[ 4901.472057881, [ '/minibee/data', 1, 0.52228057384491, 0.50885117053986, 0.49798560142517 ] ]
[ 4901.534454996, [ '/minibee/data', 1, 0.52655351161957, 0.51581001281738, 0.50018310546875 ] ]
[ 4901.591052243, [ '/minibee/data', 1, 0.52875107526779, 0.51727503538132, 0.49981686472893 ] ]
[ 4901.655222313, [ '/minibee/data', 1, 0.53094857931137, 0.52008301019669, 0.49444511532784 ] ]
[ 4901.707474345, [ '/minibee/data', 1, 0.53046023845673, 0.51849591732025, 0.49676474928856 ] ]
[ 4901.770268777, [ '/minibee/data', 1, 0.52875107526779, 0.52252471446991, 0.4951776266098 ] ]
[ 4901.832958351, [ '/minibee/data', 1, 0.5233793258667, 0.52228057384491, 0.49481138586998 ] ]
[ 4901.905254691, [ '/minibee/data', 1, 0.527652323246, 0.52118176221848, 0.49676474928856 ] ]
[ 4902.040655906, [ '/minibee/data', 1, 0.52569895982742, 0.52264678478241, 0.47185936570168 ] ]
[ 4902.103944401, [ '/minibee/data', 1, 0.52093762159348, 0.51458919048309, 0.4700280725956 ] ]
[ 4902.327656384, [ '/minibee/data', 1, 0.50067144632339, 0.4884629547596, 0.47112685441971 ] ]
[ 4902.391162418, [ '/minibee/data', 1, 0.49652057886124, 0.49639847874641, 0.4699060022831 ] ]
[ 4902.443554265, [ '/minibee/data', 1, 0.48394578695297, 0.49395677447319, 0.46209254860878 ] ]
[ 4902.505813178, [ '/minibee/data', 1, 0.48541080951691, 0.50518864393234, 0.46209254860878 ] ]
[ 4902.568135484, [ '/minibee/data', 1, 0.48040533065796, 0.48687583208084, 0.47185936570168 ] ]
[ 4902.640712409, [ '/minibee/data', 1, 0.47991698980331, 0.49017214775085, 0.47173726558685 ] ]
[ 4902.784820214, [ '/minibee/data', 1, 0.49456721544266, 0.52557682991028, 0.46343547105789 ] ]
[ 4902.847962562, [ '/minibee/data', 1, 0.49896228313446, 0.52008301019669, 0.47283604741096 ] ]
[ 4902.910415408, [ '/minibee/data', 1, 0.50763034820557, 0.52484434843063, 0.48443412780762 ] ]
[ 4902.972888835, [ '/minibee/data', 1, 0.51153707504272, 0.52691978216171, 0.48834085464478 ] ]
[ 4903.03533173, [ '/minibee/data', 1, 0.51849591732025, 0.53216946125031, 0.50555485486984 ] ]
[ 4903.097718188, [ '/minibee/data', 1, 0.5421804189682, 0.50653153657913, 0.50982785224915 ] ]
[ 4903.159908247, [ '/minibee/data', 1, 0.51593214273453, 0.51190328598022, 0.52069342136383 ] ]
[ 4903.232452487, [ '/minibee/data', 1, 0.49017214775085, 0.49664264917374, 0.51751923561096 ] ]
[ 4903.295025933, [ '/minibee/data', 1, 0.49468928575516, 0.50653153657913, 0.53436696529388 ] ]
[ 4903.35739878, [ '/minibee/data', 1, 0.49029421806335, 0.51483333110809, 0.53912830352783 ] ]
[ 4903.415891364, [ '/minibee/data', 1, 0.47906237840652, 0.51678669452667, 0.54926139116287 ] ]
[ 4903.47967339, [ '/minibee/data', 1, 0.472103536129, 0.51117080450058, 0.5515810251236 ] ]
[ 4903.633528245, [ '/minibee/data', 1, 0.47246977686882, 0.49212551116943, 0.52862900495529 ] ]
[ 4903.6878951, [ '/minibee/data', 1, 0.47832986712456, 0.47381272912025, 0.52057135105133 ] ]
[ 4903.740447433, [ '/minibee/data', 1, 0.47991698980331, 0.46355757117271, 0.51507753133774 ] ]
[ 4903.977249492, [ '/minibee/data', 1, 0.48516663908958, 0.47845196723938, 0.52215844392776 ] ]
[ 4904.0875976, [ '/minibee/data', 1, 0.46099376678467, 0.51422291994095, 0.54303503036499 ] ]
[ 4904.139714289, [ '/minibee/data', 1, 0.45916250348091, 0.51776337623596, 0.55316811800003 ] ]
[ 4904.202059084, [ '/minibee/data', 1, 0.453668653965, 0.51947259902954, 0.56220239400864 ] ]
[ 4904.264451518, [ '/minibee/data', 1, 0.46477842330933, 0.52435600757599, 0.57221341133118 ] ]
[ 4904.337152562, [ '/minibee/data', 1, 0.47491148114204, 0.5235013961792, 0.56928336620331 ] ]
[ 4904.399320071, [ '/minibee/data', 1, 0.48882919549942, 0.50579905509949, 0.54974973201752 ] ]
[ 4904.461432298, [ '/minibee/data', 1, 0.47857403755188, 0.49163717031479, 0.52679771184921 ] ]
[ 4904.523835475, [ '/minibee/data', 1, 0.48712000250816, 0.4950555562973, 0.50799655914307 ] ]
[ 4904.586068935, [ '/minibee/data', 1, 0.48712000250816, 0.49481138586998, 0.51104873418808 ] ]
[ 4904.648646646, [ '/minibee/data', 1, 0.49114882946014, 0.48980587720871, 0.50689780712128 ] ]
[ 4904.721131778, [ '/minibee/data', 1, 0.49591013789177, 0.48455622792244, 0.50018310546875 ] ]
[ 4904.78349107, [ '/minibee/data', 1, 0.49835184216499, 0.45879623293877, 0.49835184216499 ] ]
[ 4904.845956099, [ '/minibee/data', 1, 0.49957269430161, 0.46258088946342, 0.509461581707 ] ]
[ 4904.904408232, [ '/minibee/data', 1, 0.49835184216499, 0.46868515014648, 0.51263582706451 ] ]
[ 4904.967894001, [ '/minibee/data', 1, 0.4808936715126, 0.47979488968849, 0.50408983230591 ] ]
[ 4905.020506333, [ '/minibee/data', 1, 0.48516663908958, 0.49017214775085, 0.51764130592346 ] ]
[ 4905.08260706, [ '/minibee/data', 1, 0.49236968159676, 0.46978390216827, 0.50347942113876 ] ]
[ 4905.144993858, [ '/minibee/data', 1, 0.48907336592674, 0.48174825310707, 0.51336830854416 ] ]
[ 4905.216703254, [ '/minibee/data', 1, 0.49005004763603, 0.46795263886452, 0.50445610284805 ] ]
[ 4905.278991762, [ '/minibee/data', 1, 0.48382371664047, 0.47771945595741, 0.50616532564163 ] ]
[ 4905.341487245, [ '/minibee/data', 1, 0.47820779681206, 0.48272493481636, 0.51336830854416 ] ]
[ 4905.403759177, [ '/minibee/data', 1, 0.48296910524368, 0.48211452364922, 0.51703089475632 ] ]
[ 4905.466051217, [ '/minibee/data', 1, 0.47161519527435, 0.48187035322189, 0.50701987743378 ] ]
[ 4905.528387866, [ '/minibee/data', 1, 0.47491148114204, 0.48516663908958, 0.50616532564163 ] ]
[ 4905.60080879, [ '/minibee/data', 1, 0.47710901498795, 0.49175924062729, 0.51178121566772 ] ]
[ 4905.663109672, [ '/minibee/data', 1, 0.47137102484703, 0.48931753635406, 0.50848489999771 ] ]
[ 4905.720499362, [ '/minibee/data', 1, 0.47112685441971, 0.48821878433228, 0.50787448883057 ] ]
[ 4905.784070545, [ '/minibee/data', 1, 0.47515565156937, 0.4885850250721, 0.51043826341629 ] ]
[ 4905.847905094, [ '/minibee/data', 1, 0.47271394729614, 0.48870712518692, 0.50848489999771 ] ]
[ 4905.900244808, [ '/minibee/data', 1, 0.47320228815079, 0.48699793219566, 0.50714200735092 ] ]
[ 4905.96253901, [ '/minibee/data', 1, 0.46831887960434, 0.47710901498795, 0.50164812803268 ] ]
[ 4906.025527534, [ '/minibee/data', 1, 0.47515565156937, 0.46905139088631, 0.49432304501534 ] ]
[ 4906.098412211, [ '/minibee/data', 1, 0.47771945595741, 0.49920645356178, 0.49395677447319 ] ]
[ 4906.161585041, [ '/minibee/data', 1, 0.48748627305031, 0.51593214273453, 0.47967281937599 ] ]
[ 4906.223891881, [ '/minibee/data', 1, 0.51751923561096, 0.50897324085236, 0.46636551618576 ] ]
[ 4906.286771303, [ '/minibee/data', 1, 0.55438894033432, 0.51812964677811, 0.472103536129 ] ]
[ 4906.34900523, [ '/minibee/data', 1, 0.55658650398254, 0.55402272939682, 0.47454524040222 ] ]
[ 4906.411608741, [ '/minibee/data', 1, 0.53339028358459, 0.58185815811157, 0.47784152626991 ] ]
[ 4906.474195262, [ '/minibee/data', 1, 0.50286900997162, 0.56452202796936, 0.46892932057381 ] ]
[ 4906.546333286, [ '/minibee/data', 1, 0.47906237840652, 0.51861798763275, 0.47198143601418 ] ]
[ 4906.608607821, [ '/minibee/data', 1, 0.45879623293877, 0.51287996768951, 0.46746429800987 ] ]
[ 4906.671441039, [ '/minibee/data', 1, 0.45488950610161, 0.51519960165024, 0.47564399242401 ] ]
[ 4906.734309918, [ '/minibee/data', 1, 0.47918447852135, 0.51275789737701, 0.48895129561424 ] ]
[ 4906.792388278, [ '/minibee/data', 1, 0.47405689954758, 0.50079357624054, 0.49664264917374 ] ]
[ 4906.856517563, [ '/minibee/data', 1, 0.46953973174095, 0.48467829823494, 0.49163717031479 ] ]
