[ 5364.49596317, [ '/minibee/data', 1, 0.47039434313774, 0.50091564655304, 0.50994992256165 ] ]
[ 5364.549015043, [ '/minibee/data', 1, 0.46941766142845, 0.50238066911697, 0.50872910022736 ] ]
[ 5364.611734702, [ '/minibee/data', 1, 0.47015017271042, 0.50128191709518, 0.5093395113945 ] ]
[ 5364.674634697, [ '/minibee/data', 1, 0.47100475430489, 0.50030523538589, 0.509217441082 ] ]
[ 5364.737293778, [ '/minibee/data', 1, 0.47076058387756, 0.50018310546875, 0.50872910022736 ] ]
[ 5364.809670662, [ '/minibee/data', 1, 0.46929556131363, 0.50115978717804, 0.50885117053986 ] ]
[ 5364.872164251, [ '/minibee/data', 1, 0.47100475430489, 0.50030523538589, 0.50897324085236 ] ]
[ 5364.934433964, [ '/minibee/data', 1, 0.47112685441971, 0.50115978717804, 0.5093395113945 ] ]
[ 5364.99692904, [ '/minibee/data', 1, 0.47027224302292, 0.50018310546875, 0.509217441082 ] ]
[ 5365.05955887, [ '/minibee/data', 1, 0.47027224302292, 0.50152605772018, 0.50824075937271 ] ]
[ 5365.122068628, [ '/minibee/data', 1, 0.47185936570168, 0.50128191709518, 0.50860702991486 ] ]
[ 5365.184518613, [ '/minibee/data', 1, 0.47015017271042, 0.50140398740768, 0.509461581707 ] ]
[ 5365.248277116, [ '/minibee/data', 1, 0.46587717533112, 0.50396776199341, 0.51263582706451 ] ]
[ 5365.312256885, [ '/minibee/data', 1, 0.46526676416397, 0.50396776199341, 0.51544380187988 ] ]
[ 5365.376010334, [ '/minibee/data', 1, 0.4579416513443, 0.50457817316055, 0.51190328598022 ] ]
[ 5365.428288852, [ '/minibee/data', 1, 0.45818582177162, 0.49969479441643, 0.50335735082626 ] ]
[ 5365.490648556, [ '/minibee/data', 1, 0.46636551618576, 0.49041631817818, 0.49859601259232 ] ]
[ 5365.553146146, [ '/minibee/data', 1, 0.46770846843719, 0.49310219287872, 0.50579905509949 ] ]
[ 5365.625610823, [ '/minibee/data', 1, 0.47356855869293, 0.49444511532784, 0.50763034820557 ] ]
[ 5365.688164662, [ '/minibee/data', 1, 0.47454524040222, 0.49224758148193, 0.5090953707695 ] ]
[ 5365.750414188, [ '/minibee/data', 1, 0.47552192211151, 0.49542179703712, 0.5138566493988 ] ]
[ 5365.812737261, [ '/minibee/data', 1, 0.4744231402874, 0.49151507019997, 0.51532167196274 ] ]
[ 5365.874992917, [ '/minibee/data', 1, 0.4764986038208, 0.49114882946014, 0.51458919048309 ] ]
[ 5365.937344525, [ '/minibee/data', 1, 0.47796362638474, 0.48809668421745, 0.51581001281738 ] ]
[ 5366.009885744, [ '/minibee/data', 1, 0.47674277424812, 0.48870712518692, 0.51507753133774 ] ]
[ 5366.072483675, [ '/minibee/data', 1, 0.47674277424812, 0.490782558918, 0.51507753133774 ] ]
[ 5366.128622379, [ '/minibee/data', 1, 0.47686484456062, 0.48968380689621, 0.51434499025345 ] ]
[ 5366.192223018, [ '/minibee/data', 1, 0.47747528553009, 0.48687583208084, 0.51446712017059 ] ]
[ 5366.24434816, [ '/minibee/data', 1, 0.47771945595741, 0.48809668421745, 0.51410084962845 ] ]
[ 5366.306870259, [ '/minibee/data', 1, 0.47601026296616, 0.48821878433228, 0.51312416791916 ] ]
[ 5366.369436726, [ '/minibee/data', 1, 0.4764986038208, 0.48541080951691, 0.51165914535522 ] ]
[ 5366.442061631, [ '/minibee/data', 1, 0.47808569669724, 0.4863874912262, 0.51190328598022 ] ]
[ 5366.504929964, [ '/minibee/data', 1, 0.47564399242401, 0.48077157139778, 0.51165914535522 ] ]
[ 5366.567383244, [ '/minibee/data', 1, 0.4786961376667, 0.48333537578583, 0.50714200735092 ] ]
[ 5366.629763649, [ '/minibee/data', 1, 0.4764986038208, 0.48687583208084, 0.50665366649628 ] ]
[ 5366.692173702, [ '/minibee/data', 1, 0.47246977686882, 0.48748627305031, 0.50555485486984 ] ]
[ 5366.754632068, [ '/minibee/data', 1, 0.47393479943275, 0.48480039834976, 0.50299108028412 ] ]
[ 5366.817067591, [ '/minibee/data', 1, 0.4744231402874, 0.48712000250816, 0.50054937601089 ] ]
[ 5366.889882694, [ '/minibee/data', 1, 0.47271394729614, 0.49102672934532, 0.4972530901432 ] ]
[ 5366.952192745, [ '/minibee/data', 1, 0.472103536129, 0.49041631817818, 0.49615430831909 ] ]
[ 5367.008844137, [ '/minibee/data', 1, 0.4699060022831, 0.49102672934532, 0.49493345618248 ] ]
[ 5367.072676917, [ '/minibee/data', 1, 0.47137102484703, 0.49261385202408, 0.49493345618248 ] ]
[ 5367.124927505, [ '/minibee/data', 1, 0.47076058387756, 0.49493345618248, 0.49493345618248 ] ]
[ 5367.187283298, [ '/minibee/data', 1, 0.47027224302292, 0.49529972672462, 0.48956170678139 ] ]
[ 5367.249627173, [ '/minibee/data', 1, 0.46758636832237, 0.50067144632339, 0.49407887458801 ] ]
[ 5367.322089089, [ '/minibee/data', 1, 0.46856305003166, 0.49993896484375, 0.49749726057053 ] ]
[ 5367.384688317, [ '/minibee/data', 1, 0.46929556131363, 0.50140398740768, 0.49591013789177 ] ]
[ 5367.447290535, [ '/minibee/data', 1, 0.46892932057381, 0.50238066911697, 0.4929800927639 ] ]
[ 5367.509714477, [ '/minibee/data', 1, 0.46917349100113, 0.50897324085236, 0.49273592233658 ] ]
[ 5367.571887676, [ '/minibee/data', 1, 0.47063851356506, 0.4950555562973, 0.48504456877708 ] ]
[ 5367.634382501, [ '/minibee/data', 1, 0.46880722045898, 0.50201439857483, 0.49188134074211 ] ]
[ 5367.706827121, [ '/minibee/data', 1, 0.47369062900543, 0.49188134074211, 0.49200341105461 ] ]
[ 5367.769030791, [ '/minibee/data', 1, 0.47417896986008, 0.48406788706779, 0.49224758148193 ] ]
[ 5367.831358909, [ '/minibee/data', 1, 0.47820779681206, 0.48406788706779, 0.47857403755188 ] ]
[ 5368.145128031, [ '/minibee/data', 1, 0.49407887458801, 0.47820779681206, 0.47808569669724 ] ]
[ 5368.18752095, [ '/minibee/data', 1, 0.4972530901432, 0.47759735584259, 0.47845196723938 ] ]
[ 5368.244646412, [ '/minibee/data', 1, 0.49383470416069, 0.47991698980331, 0.47808569669724 ] ]
[ 5368.306807937, [ '/minibee/data', 1, 0.49053838849068, 0.48260286450386, 0.48003906011581 ] ]
[ 5368.369554045, [ '/minibee/data', 1, 0.48394578695297, 0.48736417293549, 0.48125991225243 ] ]
[ 5368.442214182, [ '/minibee/data', 1, 0.47991698980331, 0.49053838849068, 0.48028323054314 ] ]
[ 5368.504609849, [ '/minibee/data', 1, 0.47588816285133, 0.49212551116943, 0.48077157139778 ] ]
[ 5368.567067122, [ '/minibee/data', 1, 0.47771945595741, 0.49249175190926, 0.48174825310707 ] ]
[ 5368.629489945, [ '/minibee/data', 1, 0.47466731071472, 0.49591013789177, 0.48272493481636 ] ]
[ 5368.691816113, [ '/minibee/data', 1, 0.47686484456062, 0.49603223800659, 0.48480039834976 ] ]
[ 5368.753290511, [ '/minibee/data', 1, 0.4764986038208, 0.49786350131035, 0.48565497994423 ] ]
[ 5368.817203153, [ '/minibee/data', 1, 0.47124892473221, 0.50152605772018, 0.48712000250816 ] ]
[ 5368.86937791, [ '/minibee/data', 1, 0.46758636832237, 0.50604319572449, 0.48724210262299 ] ]
[ 5368.931785565, [ '/minibee/data', 1, 0.47088268399239, 0.50311315059662, 0.48748627305031 ] ]
[ 5368.994089138, [ '/minibee/data', 1, 0.47332438826561, 0.50372362136841, 0.48943963646889 ] ]
[ 5369.066753128, [ '/minibee/data', 1, 0.47356855869293, 0.50579905509949, 0.49127089977264 ] ]
[ 5369.129131928, [ '/minibee/data', 1, 0.47356855869293, 0.50677573680878, 0.49188134074211 ] ]
[ 5369.19149459, [ '/minibee/data', 1, 0.47234770655632, 0.50994992256165, 0.49310219287872 ] ]
[ 5369.253734457, [ '/minibee/data', 1, 0.47295811772346, 0.50799655914307, 0.49591013789177 ] ]
[ 5369.316284503, [ '/minibee/data', 1, 0.47503358125687, 0.50860702991486, 0.49786350131035 ] ]
[ 5369.378404885, [ '/minibee/data', 1, 0.47503358125687, 0.51202541589737, 0.50360149145126 ] ]
[ 5369.451272146, [ '/minibee/data', 1, 0.47271394729614, 0.50982785224915, 0.50555485486984 ] ]
[ 5369.513692122, [ '/minibee/data', 1, 0.47295811772346, 0.51434499025345, 0.50811868906021 ] ]
[ 5369.569468958, [ '/minibee/data', 1, 0.47564399242401, 0.51678669452667, 0.50738614797592 ] ]
[ 5369.63324706, [ '/minibee/data', 1, 0.47552192211151, 0.51519960165024, 0.50970578193665 ] ]
[ 5369.697057259, [ '/minibee/data', 1, 0.47710901498795, 0.51605421304703, 0.51068246364594 ] ]
[ 5369.749038811, [ '/minibee/data', 1, 0.48113784193993, 0.51642048358917, 0.51178121566772 ] ]
[ 5369.892934958, [ '/minibee/data', 1, 0.48443412780762, 0.5192283987999, 0.51556587219238 ] ]
[ 5369.957315326, [ '/minibee/data', 1, 0.48834085464478, 0.52105969190598, 0.51935052871704 ] ]
[ 5370.131616315, [ '/minibee/data', 1, 0.49249175190926, 0.52289098501205, 0.51581001281738 ] ]
[ 5370.177432101, [ '/minibee/data', 1, 0.49676474928856, 0.52533268928528, 0.51947259902954 ] ]
[ 5370.251747647, [ '/minibee/data', 1, 0.50250273942947, 0.5236234664917, 0.52093762159348 ] ]
[ 5370.315536589, [ '/minibee/data', 1, 0.50311315059662, 0.52386766672134, 0.52203637361526 ] ]
[ 5370.389504722, [ '/minibee/data', 1, 0.50531071424484, 0.52423393726349, 0.52179223299026 ] ]
[ 5370.452448143, [ '/minibee/data', 1, 0.50689780712128, 0.52228057384491, 0.51996093988419 ] ]
[ 5370.51370758, [ '/minibee/data', 1, 0.50811868906021, 0.5233793258667, 0.52215844392776 ] ]
[ 5370.577393793, [ '/minibee/data', 1, 0.50860702991486, 0.52057135105133, 0.52008301019669 ] ]
[ 5370.65762873, [ '/minibee/data', 1, 0.51312416791916, 0.51996093988419, 0.52105969190598 ] ]
[ 5370.726008861, [ '/minibee/data', 1, 0.51532167196274, 0.51996093988419, 0.52118176221848 ] ]
[ 5370.777937696, [ '/minibee/data', 1, 0.5192283987999, 0.51776337623596, 0.51983886957169 ] ]
[ 5370.850691148, [ '/minibee/data', 1, 0.52228057384491, 0.51690882444382, 0.52069342136383 ] ]
[ 5370.929635518, [ '/minibee/data', 1, 0.52557682991028, 0.51629835367203, 0.52105969190598 ] ]
[ 5370.982267245, [ '/minibee/data', 1, 0.52911734580994, 0.51947259902954, 0.527652323246 ] ]
[ 5371.073535943, [ '/minibee/data', 1, 0.52618730068207, 0.51263582706451, 0.52142596244812 ] ]
[ 5371.147969561, [ '/minibee/data', 1, 0.53876203298569, 0.509461581707, 0.51849591732025 ] ]
[ 5371.206578021, [ '/minibee/data', 1, 0.52215844392776, 0.50640946626663, 0.50958371162415 ] ]
[ 5371.290470282, [ '/minibee/data', 1, 0.51043826341629, 0.50811868906021, 0.50018310546875 ] ]
[ 5371.354379174, [ '/minibee/data', 1, 0.52264678478241, 0.50189232826233, 0.50640946626663 ] ]
[ 5371.417954887, [ '/minibee/data', 1, 0.53961664438248, 0.51141494512558, 0.5136125087738 ] ]
[ 5371.480340925, [ '/minibee/data', 1, 0.55133682489395, 0.50738614797592, 0.51617628335953 ] ]
[ 5371.542760905, [ '/minibee/data', 1, 0.55048221349716, 0.50885117053986, 0.51422291994095 ] ]
[ 5371.605025216, [ '/minibee/data', 1, 0.54877305030823, 0.50836282968521, 0.51263582706451 ] ]
[ 5371.668293474, [ '/minibee/data', 1, 0.54242461919785, 0.5138566493988, 0.51043826341629 ] ]
[ 5371.846772538, [ '/minibee/data', 1, 0.527896463871, 0.51056039333344, 0.51068246364594 ] ]
[ 5371.960109564, [ '/minibee/data', 1, 0.51788550615311, 0.50616532564163, 0.50763034820557 ] ]
[ 5372.02791304, [ '/minibee/data', 1, 0.51446712017059, 0.50555485486984, 0.50897324085236 ] ]
[ 5372.101874589, [ '/minibee/data', 1, 0.51104873418808, 0.50994992256165, 0.51092660427094 ] ]
[ 5372.165749536, [ '/minibee/data', 1, 0.5093395113945, 0.51178121566772, 0.50897324085236 ] ]
[ 5372.529966341, [ '/minibee/data', 1, 0.51874005794525, 0.51629835367203, 0.51544380187988 ] ]
[ 5372.594289119, [ '/minibee/data', 1, 0.52655351161957, 0.51581001281738, 0.5191063284874 ] ]
[ 5372.65808297, [ '/minibee/data', 1, 0.53229153156281, 0.51690882444382, 0.5232572555542 ] ]
[ 5372.73823159, [ '/minibee/data', 1, 0.54450005292892, 0.51312416791916, 0.52484434843063 ] ]
[ 5372.802541762, [ '/minibee/data', 1, 0.54681968688965, 0.51410084962845, 0.5232572555542 ] ]
[ 5372.875931023, [ '/minibee/data', 1, 0.54388964176178, 0.51642048358917, 0.52240264415741 ] ]
[ 5372.950282928, [ '/minibee/data', 1, 0.54169207811356, 0.51300209760666, 0.51251375675201 ] ]
[ 5373.014753727, [ '/minibee/data', 1, 0.53607618808746, 0.51117080450058, 0.5093395113945 ] ]
[ 5373.077331712, [ '/minibee/data', 1, 0.52887314558029, 0.5189842581749, 0.51263582706451 ] ]
[ 5373.139506347, [ '/minibee/data', 1, 0.53143692016602, 0.51483333110809, 0.50958371162415 ] ]
[ 5373.211271985, [ '/minibee/data', 1, 0.53155905008316, 0.50824075937271, 0.50299108028412 ] ]
[ 5373.266304801, [ '/minibee/data', 1, 0.53033816814423, 0.50213646888733, 0.4929800927639 ] ]
[ 5373.330269563, [ '/minibee/data', 1, 0.53351241350174, 0.50067144632339, 0.48870712518692 ] ]
[ 5373.410533004, [ '/minibee/data', 1, 0.53509950637817, 0.50042730569839, 0.48418995738029 ] ]
[ 5373.462432026, [ '/minibee/data', 1, 0.53680866956711, 0.49383470416069, 0.48870712518692 ] ]
[ 5373.541903681, [ '/minibee/data', 1, 0.5374191403389, 0.49456721544266, 0.49310219287872 ] ]
[ 5373.602224523, [ '/minibee/data', 1, 0.53619825839996, 0.49420094490051, 0.49700891971588 ] ]
[ 5373.654803656, [ '/minibee/data', 1, 0.53680866956711, 0.49786350131035, 0.49859601259232 ] ]
[ 5373.717333942, [ '/minibee/data', 1, 0.5374191403389, 0.50079357624054, 0.49664264917374 ] ]
[ 5373.797884539, [ '/minibee/data', 1, 0.53644245862961, 0.50250273942947, 0.49603223800659 ] ]
[ 5373.860391356, [ '/minibee/data', 1, 0.53839582204819, 0.50372362136841, 0.49615430831909 ] ]
[ 5373.932855665, [ '/minibee/data', 1, 0.53644245862961, 0.50738614797592, 0.49810767173767 ] ]
[ 5374.006391476, [ '/minibee/data', 1, 0.53412282466888, 0.50787448883057, 0.49847394227982 ] ]
[ 5374.066525952, [ '/minibee/data', 1, 0.53339028358459, 0.50689780712128, 0.50347942113876 ] ]
[ 5374.118474796, [ '/minibee/data', 1, 0.53155905008316, 0.50848489999771, 0.5050665140152 ] ]
[ 5374.19788228, [ '/minibee/data', 1, 0.52899521589279, 0.50787448883057, 0.50653153657913 ] ]
[ 5374.278471557, [ '/minibee/data', 1, 0.52704185247421, 0.50848489999771, 0.51104873418808 ] ]
[ 5374.341711736, [ '/minibee/data', 1, 0.52594310045242, 0.51214748620987, 0.51581001281738 ] ]
[ 5374.422318073, [ '/minibee/data', 1, 0.52655351161957, 0.51068246364594, 0.51800757646561 ] ]
[ 5374.485540959, [ '/minibee/data', 1, 0.52386766672134, 0.51117080450058, 0.5191063284874 ] ]
[ 5374.547984339, [ '/minibee/data', 1, 0.52252471446991, 0.50872910022736, 0.51703089475632 ] ]
[ 5374.691782758, [ '/minibee/data', 1, 0.51605421304703, 0.51410084962845, 0.51666462421417 ] ]
[ 5374.75506163, [ '/minibee/data', 1, 0.51532167196274, 0.51642048358917, 0.51849591732025 ] ]
[ 5374.827277768, [ '/minibee/data', 1, 0.51532167196274, 0.51788550615311, 0.52020508050919 ] ]
[ 5374.889586876, [ '/minibee/data', 1, 0.51104873418808, 0.51544380187988, 0.51849591732025 ] ]
[ 5374.952211211, [ '/minibee/data', 1, 0.5093395113945, 0.51629835367203, 0.51837384700775 ] ]
[ 5375.010831378, [ '/minibee/data', 1, 0.50567698478699, 0.51043826341629, 0.51642048358917 ] ]
[ 5375.084082267, [ '/minibee/data', 1, 0.5048223733902, 0.51165914535522, 0.51642048358917 ] ]
[ 5375.142419841, [ '/minibee/data', 1, 0.50372362136841, 0.52008301019669, 0.51727503538132 ] ]
[ 5375.205338597, [ '/minibee/data', 1, 0.50274693965912, 0.51397877931595, 0.52167010307312 ] ]
[ 5375.267592074, [ '/minibee/data', 1, 0.50128191709518, 0.51825171709061, 0.52289098501205 ] ]
[ 5375.339861635, [ '/minibee/data', 1, 0.50238066911697, 0.51458919048309, 0.52301305532455 ] ]
[ 5375.402081132, [ '/minibee/data', 1, 0.50396776199341, 0.51837384700775, 0.52301305532455 ] ]
[ 5375.464442765, [ '/minibee/data', 1, 0.50262480974197, 0.51788550615311, 0.52386766672134 ] ]
[ 5375.526788182, [ '/minibee/data', 1, 0.50164812803268, 0.51593214273453, 0.52472227811813 ] ]
[ 5375.589147235, [ '/minibee/data', 1, 0.50177025794983, 0.51654255390167, 0.52374559640884 ] ]
[ 5375.65130746, [ '/minibee/data', 1, 0.50152605772018, 0.51666462421417, 0.52472227811813 ] ]
[ 5375.715004805, [ '/minibee/data', 1, 0.50225859880447, 0.51837384700775, 0.52460014820099 ] ]
[ 5375.778939669, [ '/minibee/data', 1, 0.50250273942947, 0.51446712017059, 0.52215844392776 ] ]
[ 5375.831172539, [ '/minibee/data', 1, 0.50164812803268, 0.51703089475632, 0.52398973703384 ] ]
[ 5375.893487519, [ '/minibee/data', 1, 0.50128191709518, 0.51226955652237, 0.52008301019669 ] ]
[ 5375.955798487, [ '/minibee/data', 1, 0.50396776199341, 0.50018310546875, 0.51117080450058 ] ]
[ 5376.028105644, [ '/minibee/data', 1, 0.50189232826233, 0.50701987743378, 0.51336830854416 ] ]
[ 5376.090590014, [ '/minibee/data', 1, 0.50225859880447, 0.52203637361526, 0.51971673965454 ] ]
[ 5376.152998512, [ '/minibee/data', 1, 0.50262480974197, 0.52044928073883, 0.52240264415741 ] ]
[ 5376.215335228, [ '/minibee/data', 1, 0.50213646888733, 0.51336830854416, 0.51690882444382 ] ]
[ 5376.278951191, [ '/minibee/data', 1, 0.50640946626663, 0.51312416791916, 0.51446712017059 ] ]
[ 5376.362786618, [ '/minibee/data', 1, 0.51654255390167, 0.50775241851807, 0.51690882444382 ] ]
[ 5376.425143207, [ '/minibee/data', 1, 0.51568794250488, 0.50640946626663, 0.51654255390167 ] ]
[ 5376.487511671, [ '/minibee/data', 1, 0.51959466934204, 0.50958371162415, 0.52276891469955 ] ]
[ 5376.55002442, [ '/minibee/data', 1, 0.52411180734634, 0.5090953707695, 0.53058236837387 ] ]
[ 5376.627362921, [ '/minibee/data', 1, 0.53143692016602, 0.50860702991486, 0.53290194272995 ] ]
[ 5376.679864614, [ '/minibee/data', 1, 0.53058236837387, 0.50714200735092, 0.53424489498138 ] ]
[ 5376.764462934, [ '/minibee/data', 1, 0.52582103013992, 0.50799655914307, 0.53277987241745 ] ]
[ 5376.835180785, [ '/minibee/data', 1, 0.52838480472565, 0.51129287481308, 0.52606517076492 ] ]
[ 5376.887294565, [ '/minibee/data', 1, 0.53961664438248, 0.50555485486984, 0.51178121566772 ] ]
[ 5376.950425059, [ '/minibee/data', 1, 0.53815162181854, 0.51165914535522, 0.50897324085236 ] ]
[ 5377.012814331, [ '/minibee/data', 1, 0.53961664438248, 0.5192283987999, 0.52301305532455 ] ]
[ 5377.100725636, [ '/minibee/data', 1, 0.53180319070816, 0.51727503538132, 0.53436696529388 ] ]
[ 5377.142743456, [ '/minibee/data', 1, 0.53339028358459, 0.51788550615311, 0.52655351161957 ] ]
[ 5377.206058378, [ '/minibee/data', 1, 0.54034918546677, 0.50714200735092, 0.51812964677811 ] ]
[ 5377.268221411, [ '/minibee/data', 1, 0.54889512062073, 0.49591013789177, 0.51434499025345 ] ]
[ 5377.340941593, [ '/minibee/data', 1, 0.54901719093323, 0.50531071424484, 0.51800757646561 ] ]
[ 5377.403373635, [ '/minibee/data', 1, 0.54559880495071, 0.50042730569839, 0.51654255390167 ] ]
[ 5377.475478244, [ '/minibee/data', 1, 0.53815162181854, 0.50457817316055, 0.52167010307312 ] ]
[ 5377.549505849, [ '/minibee/data', 1, 0.53155905008316, 0.49884018301964, 0.51568794250488 ] ]
[ 5377.611738248, [ '/minibee/data', 1, 0.52850687503815, 0.49273592233658, 0.51812964677811 ] ]
[ 5377.685388574, [ '/minibee/data', 1, 0.52032721042633, 0.49468928575516, 0.51471126079559 ] ]
[ 5377.749614008, [ '/minibee/data', 1, 0.51629835367203, 0.49615430831909, 0.51202541589737 ] ]
[ 5377.812475062, [ '/minibee/data', 1, 0.51202541589737, 0.49542179703712, 0.51178121566772 ] ]
[ 5377.885026925, [ '/minibee/data', 1, 0.51117080450058, 0.49945062398911, 0.5134904384613 ] ]
[ 5377.947142695, [ '/minibee/data', 1, 0.50775241851807, 0.50042730569839, 0.51666462421417 ] ]
[ 5378.009396519, [ '/minibee/data', 1, 0.50616532564163, 0.49920645356178, 0.51153707504272 ] ]
[ 5378.092546818, [ '/minibee/data', 1, 0.50763034820557, 0.50213646888733, 0.5093395113945 ] ]
[ 5378.155645343, [ '/minibee/data', 1, 0.51300209760666, 0.48968380689621, 0.49908435344696 ] ]
[ 5378.218026452, [ '/minibee/data', 1, 0.52386766672134, 0.45952874422073, 0.49114882946014 ] ]
[ 5378.275498331, [ '/minibee/data', 1, 0.527652323246, 0.48040533065796, 0.49334636330605 ] ]
[ 5378.339375399, [ '/minibee/data', 1, 0.54230254888535, 0.48492246866226, 0.49749726057053 ] ]
[ 5378.403455639, [ '/minibee/data', 1, 0.55206936597824, 0.490782558918, 0.50238066911697 ] ]
[ 5378.455936119, [ '/minibee/data', 1, 0.54511046409607, 0.49652057886124, 0.49761933088303 ] ]
[ 5378.518343053, [ '/minibee/data', 1, 0.53680866956711, 0.5048223733902, 0.49761933088303 ] ]
[ 5378.580752633, [ '/minibee/data', 1, 0.53290194272995, 0.50323528051376, 0.50018310546875 ] ]
[ 5378.653163994, [ '/minibee/data', 1, 0.53119277954102, 0.50384569168091, 0.49993896484375 ] ]
[ 5378.715523198, [ '/minibee/data', 1, 0.52679771184921, 0.50384569168091, 0.49884018301964 ] ]
[ 5378.7779276, [ '/minibee/data', 1, 0.51861798763275, 0.5048223733902, 0.50262480974197 ] ]
[ 5378.840291931, [ '/minibee/data', 1, 0.51776337623596, 0.50860702991486, 0.50274693965912 ] ]
[ 5378.902654549, [ '/minibee/data', 1, 0.5232572555542, 0.50689780712128, 0.50457817316055 ] ]
[ 5378.965014304, [ '/minibee/data', 1, 0.52728605270386, 0.50579905509949, 0.51202541589737 ] ]
[ 5379.037312482, [ '/minibee/data', 1, 0.52875107526779, 0.50543278455734, 0.51300209760666 ] ]
[ 5379.099728391, [ '/minibee/data', 1, 0.52826273441315, 0.50592112541199, 0.51178121566772 ] ]
[ 5379.156210235, [ '/minibee/data', 1, 0.52923941612244, 0.51019412279129, 0.51422291994095 ] ]
[ 5379.219869316, [ '/minibee/data', 1, 0.53094857931137, 0.51324623823166, 0.51617628335953 ] ]
[ 5379.283540654, [ '/minibee/data', 1, 0.52618730068207, 0.51141494512558, 0.51642048358917 ] ]
[ 5379.335577647, [ '/minibee/data', 1, 0.52557682991028, 0.51581001281738, 0.51861798763275 ] ]
[ 5379.397943672, [ '/minibee/data', 1, 0.52301305532455, 0.51727503538132, 0.51764130592346 ] ]
[ 5379.460436709, [ '/minibee/data', 1, 0.51690882444382, 0.51861798763275, 0.52044928073883 ] ]
[ 5379.532952389, [ '/minibee/data', 1, 0.51715296506882, 0.52118176221848, 0.52154803276062 ] ]
[ 5379.594618767, [ '/minibee/data', 1, 0.51544380187988, 0.51666462421417, 0.52569895982742 ] ]
[ 5379.656892994, [ '/minibee/data', 1, 0.51117080450058, 0.52301305532455, 0.52691978216171 ] ]
[ 5379.719129192, [ '/minibee/data', 1, 0.51287996768951, 0.5232572555542, 0.52997189760208 ] ]
[ 5379.781450125, [ '/minibee/data', 1, 0.52008301019669, 0.51800757646561, 0.52374559640884 ] ]
[ 5379.854265216, [ '/minibee/data', 1, 0.53729701042175, 0.49786350131035, 0.51434499025345 ] ]
[ 5379.916633963, [ '/minibee/data', 1, 0.54010498523712, 0.51605421304703, 0.50592112541199 ] ]
[ 5379.978964684, [ '/minibee/data', 1, 0.53668659925461, 0.4788182079792, 0.48260286450386 ] ]
[ 5380.041317521, [ '/minibee/data', 1, 0.53583198785782, 0.51764130592346, 0.49322426319122 ] ]
[ 5380.10034968, [ '/minibee/data', 1, 0.53473323583603, 0.50543278455734, 0.48956170678139 ] ]
[ 5380.164025353, [ '/minibee/data', 1, 0.52997189760208, 0.50408983230591, 0.49273592233658 ] ]
[ 5380.243956187, [ '/minibee/data', 1, 0.53070443868637, 0.49810767173767, 0.49102672934532 ] ]
[ 5380.30817909, [ '/minibee/data', 1, 0.53265780210495, 0.49407887458801, 0.49200341105461 ] ]
[ 5380.39246459, [ '/minibee/data', 1, 0.53229153156281, 0.49542179703712, 0.50103771686554 ] ]
[ 5380.446046101, [ '/minibee/data', 1, 0.53339028358459, 0.49432304501534, 0.49969479441643 ] ]
[ 5380.520551523, [ '/minibee/data', 1, 0.52850687503815, 0.4928580224514, 0.50140398740768 ] ]
[ 5380.583975672, [ '/minibee/data', 1, 0.53058236837387, 0.49249175190926, 0.50262480974197 ] ]
[ 5380.669580662, [ '/minibee/data', 1, 0.53522157669067, 0.49468928575516, 0.50384569168091 ] ]
[ 5380.7291354, [ '/minibee/data', 1, 0.52911734580994, 0.49810767173767, 0.50054937601089 ] ]
[ 5380.813414036, [ '/minibee/data', 1, 0.53021609783173, 0.50201439857483, 0.49786350131035 ] ]
[ 5380.855327536, [ '/minibee/data', 1, 0.53070443868637, 0.50811868906021, 0.49774143099785 ] ]
[ 5380.9176327, [ '/minibee/data', 1, 0.53070443868637, 0.50579905509949, 0.49652057886124 ] ]
[ 5380.989937542, [ '/minibee/data', 1, 0.52728605270386, 0.51666462421417, 0.4973751604557 ] ]
[ 5381.052322569, [ '/minibee/data', 1, 0.52618730068207, 0.52630937099457, 0.50347942113876 ] ]
[ 5381.114732475, [ '/minibee/data', 1, 0.52460014820099, 0.51165914535522, 0.50421196222305 ] ]
[ 5381.176991861, [ '/minibee/data', 1, 0.51703089475632, 0.51202541589737, 0.51507753133774 ] ]
[ 5381.239161242, [ '/minibee/data', 1, 0.50030523538589, 0.5136125087738, 0.51727503538132 ] ]
[ 5381.300641362, [ '/minibee/data', 1, 0.50726407766342, 0.51739716529846, 0.52435600757599 ] ]
[ 5381.364230271, [ '/minibee/data', 1, 0.50787448883057, 0.527896463871, 0.52154803276062 ] ]
[ 5381.416600537, [ '/minibee/data', 1, 0.51556587219238, 0.52862900495529, 0.52838480472565 ] ]
[ 5381.47921789, [ '/minibee/data', 1, 0.51568794250488, 0.52313512563705, 0.52667564153671 ] ]
[ 5381.541662021, [ '/minibee/data', 1, 0.51434499025345, 0.52057135105133, 0.52179223299026 ] ]
[ 5381.614256269, [ '/minibee/data', 1, 0.51812964677811, 0.51837384700775, 0.52118176221848 ] ]
[ 5381.676743635, [ '/minibee/data', 1, 0.51544380187988, 0.51629835367203, 0.51959466934204 ] ]
[ 5381.738912296, [ '/minibee/data', 1, 0.51275789737701, 0.51605421304703, 0.51654255390167 ] ]
[ 5381.801184811, [ '/minibee/data', 1, 0.50665366649628, 0.5136125087738, 0.5138566493988 ] ]
[ 5381.86345141, [ '/minibee/data', 1, 0.48712000250816, 0.51458919048309, 0.50994992256165 ] ]
[ 5381.925967474, [ '/minibee/data', 1, 0.49969479441643, 0.5236234664917, 0.51812964677811 ] ]
[ 5381.998531565, [ '/minibee/data', 1, 0.52472227811813, 0.52386766672134, 0.51935052871704 ] ]
[ 5382.060865732, [ '/minibee/data', 1, 0.55451107025146, 0.51776337623596, 0.50848489999771 ] ]
[ 5382.123245764, [ '/minibee/data', 1, 0.54010498523712, 0.51605421304703, 0.51275789737701 ] ]
[ 5382.180660104, [ '/minibee/data', 1, 0.54999387264252, 0.4906604886055, 0.46160420775414 ] ]
[ 5382.244736813, [ '/minibee/data', 1, 0.54022705554962, 0.51080453395844, 0.49835184216499 ] ]
[ 5382.324741971, [ '/minibee/data', 1, 0.52667564153671, 0.50213646888733, 0.50982785224915 ] ]
[ 5382.38870389, [ '/minibee/data', 1, 0.51812964677811, 0.49481138586998, 0.50372362136841 ] ]
[ 5382.452389301, [ '/minibee/data', 1, 0.53033816814423, 0.51690882444382, 0.49346843361855 ] ]
[ 5382.504936643, [ '/minibee/data', 1, 0.53570991754532, 0.50872910022736, 0.49578806757927 ] ]
[ 5382.56740358, [ '/minibee/data', 1, 0.53131484985352, 0.52643144130707, 0.51532167196274 ] ]
[ 5382.629898246, [ '/minibee/data', 1, 0.53131484985352, 0.52838480472565, 0.53351241350174 ] ]
[ 5382.702596355, [ '/minibee/data', 1, 0.52960568666458, 0.52716398239136, 0.53351241350174 ] ]
[ 5382.764980193, [ '/minibee/data', 1, 0.53387862443924, 0.51996093988419, 0.52130389213562 ] ]
[ 5382.827441428, [ '/minibee/data', 1, 0.53888416290283, 0.51202541589737, 0.51837384700775 ] ]
[ 5382.889795842, [ '/minibee/data', 1, 0.53387862443924, 0.51495546102524, 0.51495546102524 ] ]
[ 5382.952179837, [ '/minibee/data', 1, 0.53656452894211, 0.50836282968521, 0.509217441082 ] ]
[ 5383.014499684, [ '/minibee/data', 1, 0.52984982728958, 0.50518864393234, 0.50592112541199 ] ]
[ 5383.086759707, [ '/minibee/data', 1, 0.51214748620987, 0.50177025794983, 0.50201439857483 ] ]
[ 5383.149092005, [ '/minibee/data', 1, 0.50140398740768, 0.50152605772018, 0.49627640843391 ] ]
[ 5383.211440125, [ '/minibee/data', 1, 0.50567698478699, 0.49127089977264, 0.49981686472893 ] ]
[ 5383.273887312, [ '/minibee/data', 1, 0.50738614797592, 0.48773044347763, 0.49884018301964 ] ]
[ 5383.333123939, [ '/minibee/data', 1, 0.50238066911697, 0.48162618279457, 0.50067144632339 ] ]
[ 5383.396802242, [ '/minibee/data', 1, 0.50384569168091, 0.48992797732353, 0.50616532564163 ] ]
[ 5383.448665742, [ '/minibee/data', 1, 0.51935052871704, 0.4885850250721, 0.49603223800659 ] ]
[ 5383.510992662, [ '/minibee/data', 1, 0.53277987241745, 0.48064950108528, 0.49945062398911 ] ]
[ 5383.573324231, [ '/minibee/data', 1, 0.52472227811813, 0.46880722045898, 0.48113784193993 ] ]
[ 5383.645643953, [ '/minibee/data', 1, 0.53021609783173, 0.4699060022831, 0.48650959134102 ] ]
[ 5383.708019986, [ '/minibee/data', 1, 0.54486632347107, 0.48504456877708, 0.49627640843391 ] ]
[ 5383.77039356, [ '/minibee/data', 1, 0.54169207811356, 0.49053838849068, 0.49224758148193 ] ]
[ 5383.832928243, [ '/minibee/data', 1, 0.54950553178787, 0.50665366649628, 0.50201439857483 ] ]
[ 5383.91710764, [ '/minibee/data', 1, 0.54657548666, 0.50518864393234, 0.50421196222305 ] ]
[ 5383.990945291, [ '/minibee/data', 1, 0.54071539640427, 0.51581001281738, 0.5136125087738 ] ]
[ 5384.05497073, [ '/minibee/data', 1, 0.5419362783432, 0.51275789737701, 0.52105969190598 ] ]
[ 5384.127345335, [ '/minibee/data', 1, 0.54486632347107, 0.50811868906021, 0.51446712017059 ] ]
[ 5384.189668051, [ '/minibee/data', 1, 0.52606517076492, 0.50885117053986, 0.51300209760666 ] ]
[ 5384.251831713, [ '/minibee/data', 1, 0.52997189760208, 0.50689780712128, 0.50579905509949 ] ]
[ 5384.309462922, [ '/minibee/data', 1, 0.52289098501205, 0.50311315059662, 0.50531071424484 ] ]
[ 5384.373136606, [ '/minibee/data', 1, 0.51397877931595, 0.50616532564163, 0.4972530901432 ] ]
[ 5384.43708133, [ '/minibee/data', 1, 0.53143692016602, 0.49578806757927, 0.48895129561424 ] ]
[ 5384.489367156, [ '/minibee/data', 1, 0.52911734580994, 0.49945062398911, 0.48956170678139 ] ]
[ 5384.551707803, [ '/minibee/data', 1, 0.52301305532455, 0.50006103515625, 0.49713099002838 ] ]
[ 5384.614033393, [ '/minibee/data', 1, 0.51629835367203, 0.50567698478699, 0.49981686472893 ] ]
[ 5384.686274588, [ '/minibee/data', 1, 0.52960568666458, 0.51263582706451, 0.49664264917374 ] ]
[ 5384.748756718, [ '/minibee/data', 1, 0.54962766170502, 0.47527775168419, 0.46844097971916 ] ]
[ 5384.811136123, [ '/minibee/data', 1, 0.54132586717606, 0.52679771184921, 0.46709802746773 ] ]
[ 5384.874580219, [ '/minibee/data', 1, 0.5374191403389, 0.51935052871704, 0.4884629547596 ] ]
[ 5384.936917136, [ '/minibee/data', 1, 0.51605421304703, 0.5138566493988, 0.50860702991486 ] ]
[ 5384.999179427, [ '/minibee/data', 1, 0.52252471446991, 0.5134904384613, 0.53021609783173 ] ]
[ 5385.071719927, [ '/minibee/data', 1, 0.51654255390167, 0.51605421304703, 0.52875107526779 ] ]
[ 5385.134209518, [ '/minibee/data', 1, 0.5134904384613, 0.51593214273453, 0.5277743935585 ] ]
[ 5385.196591597, [ '/minibee/data', 1, 0.51434499025345, 0.51397877931595, 0.52228057384491 ] ]
[ 5385.258926316, [ '/minibee/data', 1, 0.5232572555542, 0.50384569168091, 0.51812964677811 ] ]
[ 5385.321331358, [ '/minibee/data', 1, 0.53131484985352, 0.50164812803268, 0.51837384700775 ] ]
[ 5385.381394093, [ '/minibee/data', 1, 0.52545475959778, 0.50518864393234, 0.51776337623596 ] ]
[ 5385.445520879, [ '/minibee/data', 1, 0.52643144130707, 0.50079357624054, 0.51251375675201 ] ]
[ 5385.497990934, [ '/minibee/data', 1, 0.52569895982742, 0.49566596746445, 0.51202541589737 ] ]
[ 5385.560520647, [ '/minibee/data', 1, 0.52081555128098, 0.49749726057053, 0.51104873418808 ] ]
[ 5385.622891684, [ '/minibee/data', 1, 0.51739716529846, 0.49542179703712, 0.51056039333344 ] ]
[ 5385.695397723, [ '/minibee/data', 1, 0.52142596244812, 0.49444511532784, 0.50799655914307 ] ]
[ 5385.757742962, [ '/minibee/data', 1, 0.5280185341835, 0.49102672934532, 0.50824075937271 ] ]
[ 5385.820089845, [ '/minibee/data', 1, 0.53277987241745, 0.48980587720871, 0.50970578193665 ] ]
[ 5385.882448087, [ '/minibee/data', 1, 0.53522157669067, 0.49200341105461, 0.50665366649628 ] ]
[ 5385.944756217, [ '/minibee/data', 1, 0.53656452894211, 0.49200341105461, 0.50445610284805 ] ]
[ 5386.007074681, [ '/minibee/data', 1, 0.53668659925461, 0.4928580224514, 0.50579905509949 ] ]
[ 5386.079616043, [ '/minibee/data', 1, 0.53558784723282, 0.49407887458801, 0.50628739595413 ] ]
[ 5386.141944305, [ '/minibee/data', 1, 0.53424489498138, 0.4928580224514, 0.50714200735092 ] ]
[ 5386.204349933, [ '/minibee/data', 1, 0.52972775697708, 0.49188134074211, 0.51226955652237 ] ]
[ 5386.261659555, [ '/minibee/data', 1, 0.52472227811813, 0.49127089977264, 0.5138566493988 ] ]
[ 5386.325498999, [ '/minibee/data', 1, 0.52264678478241, 0.48748627305031, 0.51764130592346 ] ]
[ 5386.378120561, [ '/minibee/data', 1, 0.52032721042633, 0.48480039834976, 0.52093762159348 ] ]
[ 5386.4404184, [ '/minibee/data', 1, 0.51654255390167, 0.48296910524368, 0.51935052871704 ] ]
[ 5386.502546079, [ '/minibee/data', 1, 0.51446712017059, 0.48321327567101, 0.52020508050919 ] ]
[ 5386.575334551, [ '/minibee/data', 1, 0.51263582706451, 0.48260286450386, 0.5188621878624 ] ]
[ 5386.637489, [ '/minibee/data', 1, 0.51104873418808, 0.4808936715126, 0.51874005794525 ] ]
[ 5386.699934332, [ '/minibee/data', 1, 0.51068246364594, 0.47845196723938, 0.51739716529846 ] ]
[ 5386.762327854, [ '/minibee/data', 1, 0.51043826341629, 0.47747528553009, 0.51690882444382 ] ]
[ 5386.824718634, [ '/minibee/data', 1, 0.50616532564163, 0.47637650370598, 0.51837384700775 ] ]
[ 5386.887204584, [ '/minibee/data', 1, 0.50140398740768, 0.47393479943275, 0.51776337623596 ] ]
[ 5386.959593044, [ '/minibee/data', 1, 0.49749726057053, 0.47478941082954, 0.51812964677811 ] ]
[ 5387.021959125, [ '/minibee/data', 1, 0.49359053373337, 0.47124892473221, 0.51788550615311 ] ]
[ 5387.084302624, [ '/minibee/data', 1, 0.49346843361855, 0.47246977686882, 0.51935052871704 ] ]
[ 5387.141974302, [ '/minibee/data', 1, 0.4950555562973, 0.47088268399239, 0.52020508050919 ] ]
[ 5387.205789377, [ '/minibee/data', 1, 0.49871811270714, 0.47039434313774, 0.51812964677811 ] ]
[ 5387.269689962, [ '/minibee/data', 1, 0.50189232826233, 0.47185936570168, 0.51751923561096 ] ]
[ 5387.321895259, [ '/minibee/data', 1, 0.50628739595413, 0.47259187698364, 0.51800757646561 ] ]
[ 5387.384265039, [ '/minibee/data', 1, 0.50775241851807, 0.47674277424812, 0.51837384700775 ] ]
[ 5387.44662653, [ '/minibee/data', 1, 0.5138566493988, 0.47613233327866, 0.51715296506882 ] ]
[ 5387.518921116, [ '/minibee/data', 1, 0.51483333110809, 0.47906237840652, 0.51764130592346 ] ]
[ 5387.581375656, [ '/minibee/data', 1, 0.5192283987999, 0.47820779681206, 0.51568794250488 ] ]
[ 5387.643742708, [ '/minibee/data', 1, 0.51837384700775, 0.48040533065796, 0.51434499025345 ] ]
[ 5387.705937115, [ '/minibee/data', 1, 0.51422291994095, 0.48541080951691, 0.5137345790863 ] ]
[ 5387.76814485, [ '/minibee/data', 1, 0.52142596244812, 0.4906604886055, 0.51788550615311 ] ]
[ 5387.830666738, [ '/minibee/data', 1, 0.51471126079559, 0.48040533065796, 0.50103771686554 ] ]
[ 5387.903021766, [ '/minibee/data', 1, 0.53168112039566, 0.45269197225571, 0.49041631817818 ] ]
[ 5387.965433678, [ '/minibee/data', 1, 0.51581001281738, 0.45904040336609, 0.46136003732681 ] ]
[ 5388.022145057, [ '/minibee/data', 1, 0.49884018301964, 0.45733121037483, 0.44768649339676 ] ]
[ 5388.085976052, [ '/minibee/data', 1, 0.50531071424484, 0.49053838849068, 0.49639847874641 ] ]
[ 5388.149848395, [ '/minibee/data', 1, 0.52911734580994, 0.51056039333344, 0.52093762159348 ] ]
[ 5388.202086425, [ '/minibee/data', 1, 0.52643144130707, 0.51568794250488, 0.49859601259232 ] ]
[ 5388.285518742, [ '/minibee/data', 1, 0.50555485486984, 0.52814066410065, 0.47747528553009 ] ]
[ 5388.43065473, [ '/minibee/data', 1, 0.47405689954758, 0.49774143099785, 0.48797461390495 ] ]
[ 5388.504967923, [ '/minibee/data', 1, 0.49615430831909, 0.47820779681206, 0.47857403755188 ] ]
[ 5388.55688694, [ '/minibee/data', 1, 0.509217441082, 0.49163717031479, 0.46429008245468 ] ]
[ 5388.61916908, [ '/minibee/data', 1, 0.51068246364594, 0.49652057886124, 0.45195946097374 ] ]
[ 5388.681950463, [ '/minibee/data', 1, 0.51251375675201, 0.52313512563705, 0.46221461892128 ] ]
[ 5388.744584555, [ '/minibee/data', 1, 0.50299108028412, 0.52460014820099, 0.47173726558685 ] ]
[ 5388.806877316, [ '/minibee/data', 1, 0.48736417293549, 0.53522157669067, 0.4951776266098 ] ]
[ 5388.879089942, [ '/minibee/data', 1, 0.48125991225243, 0.50677573680878, 0.50640946626663 ] ]
[ 5388.941923825, [ '/minibee/data', 1, 0.48675376176834, 0.49652057886124, 0.50689780712128 ] ]
[ 5389.024716695, [ '/minibee/data', 1, 0.48797461390495, 0.4808936715126, 0.50421196222305 ] ]
[ 5389.127833479, [ '/minibee/data', 1, 0.50433403253555, 0.47088268399239, 0.50299108028412 ] ]
[ 5389.200949557, [ '/minibee/data', 1, 0.52228057384491, 0.48211452364922, 0.49810767173767 ] ]
[ 5389.263497144, [ '/minibee/data', 1, 0.5235013961792, 0.48174825310707, 0.49322426319122 ] ]
[ 5389.326182123, [ '/minibee/data', 1, 0.53998291492462, 0.48296910524368, 0.48528873920441 ] ]
[ 5389.388756141, [ '/minibee/data', 1, 0.55121475458145, 0.509217441082, 0.48785251379013 ] ]
[ 5389.451071821, [ '/minibee/data', 1, 0.55084848403931, 0.50836282968521, 0.48211452364922 ] ]
[ 5389.513484475, [ '/minibee/data', 1, 0.56085950136185, 0.54596507549286, 0.49920645356178 ] ]
[ 5389.576176959, [ '/minibee/data', 1, 0.5560981631279, 0.55792945623398, 0.50970578193665 ] ]
[ 5389.648832673, [ '/minibee/data', 1, 0.55976068973541, 0.54596507549286, 0.54034918546677 ] ]
[ 5389.711602567, [ '/minibee/data', 1, 0.51287996768951, 0.5519472360611, 0.5232572555542 ] ]
[ 5389.773824434, [ '/minibee/data', 1, 0.47771945595741, 0.52972775697708, 0.49090465903282 ] ]
[ 5389.836231434, [ '/minibee/data', 1, 0.46819680929184, 0.52386766672134, 0.4699060022831 ] ]
[ 5389.894886249, [ '/minibee/data', 1, 0.47527775168419, 0.47356855869293, 0.48003906011581 ] ]
[ 5389.958742263, [ '/minibee/data', 1, 0.48492246866226, 0.45989501476288, 0.51434499025345 ] ]
[ 5390.011452963, [ '/minibee/data', 1, 0.48357954621315, 0.47967281937599, 0.52472227811813 ] ]
[ 5390.073922183, [ '/minibee/data', 1, 0.48748627305031, 0.49542179703712, 0.51739716529846 ] ]
[ 5390.136418428, [ '/minibee/data', 1, 0.49017214775085, 0.52435600757599, 0.52826273441315 ] ]
[ 5390.208971, [ '/minibee/data', 1, 0.48919546604156, 0.4928580224514, 0.50091564655304 ] ]
[ 5390.271275863, [ '/minibee/data', 1, 0.48028323054314, 0.46770846843719, 0.49639847874641 ] ]
[ 5390.334017146, [ '/minibee/data', 1, 0.48162618279457, 0.47100475430489, 0.50787448883057 ] ]
[ 5390.396562818, [ '/minibee/data', 1, 0.47710901498795, 0.47637650370598, 0.50042730569839 ] ]
[ 5390.458863528, [ '/minibee/data', 1, 0.47478941082954, 0.48492246866226, 0.49835184216499 ] ]
[ 5390.521556655, [ '/minibee/data', 1, 0.46978390216827, 0.48553290963173, 0.50360149145126 ] ]
[ 5390.584203068, [ '/minibee/data', 1, 0.47063851356506, 0.49932852387428, 0.49713099002838 ] ]
[ 5390.656891656, [ '/minibee/data', 1, 0.47198143601418, 0.5048223733902, 0.50421196222305 ] ]
[ 5390.719254134, [ '/minibee/data', 1, 0.47332438826561, 0.50860702991486, 0.50994992256165 ] ]
[ 5390.791238747, [ '/minibee/data', 1, 0.47466731071472, 0.51104873418808, 0.51556587219238 ] ]
[ 5390.855017123, [ '/minibee/data', 1, 0.48357954621315, 0.51165914535522, 0.52130389213562 ] ]
[ 5390.918959252, [ '/minibee/data', 1, 0.47088268399239, 0.50164812803268, 0.51593214273453 ] ]
[ 5390.971053957, [ '/minibee/data', 1, 0.48370161652565, 0.51263582706451, 0.51434499025345 ] ]
[ 5391.033346954, [ '/minibee/data', 1, 0.4928580224514, 0.52691978216171, 0.51080453395844 ] ]
[ 5391.09581205, [ '/minibee/data', 1, 0.48907336592674, 0.49578806757927, 0.49981686472893 ] ]
[ 5391.168403182, [ '/minibee/data', 1, 0.50640946626663, 0.50115978717804, 0.50860702991486 ] ]
[ 5391.230612852, [ '/minibee/data', 1, 0.50714200735092, 0.51019412279129, 0.50457817316055 ] ]
[ 5391.292870907, [ '/minibee/data', 1, 0.52606517076492, 0.52313512563705, 0.5049444437027 ] ]
[ 5391.355153403, [ '/minibee/data', 1, 0.53546577692032, 0.53058236837387, 0.49652057886124 ] ]
[ 5391.417527503, [ '/minibee/data', 1, 0.52679771184921, 0.52044928073883, 0.48125991225243 ] ]
[ 5391.47988225, [ '/minibee/data', 1, 0.53558784723282, 0.5136125087738, 0.48907336592674 ] ]
[ 5391.552438636, [ '/minibee/data', 1, 0.53070443868637, 0.50848489999771, 0.48406788706779 ] ]
[ 5391.632026175, [ '/minibee/data', 1, 0.53668659925461, 0.51715296506882, 0.47601026296616 ] ]
[ 5391.695349035, [ '/minibee/data', 1, 0.52374559640884, 0.50372362136841, 0.4810157418251 ] ]
[ 5391.751506827, [ '/minibee/data', 1, 0.53241360187531, 0.51788550615311, 0.48260286450386 ] ]
[ 5391.815540158, [ '/minibee/data', 1, 0.53216946125031, 0.50140398740768, 0.48748627305031 ] ]
[ 5391.879068573, [ '/minibee/data', 1, 0.52630937099457, 0.51068246364594, 0.49163717031479 ] ]
