[ 4501.211743283, [ '/minibee/data', 1, 0.52923941612244, 0.51178121566772, 0.5049444437027 ] ]
[ 4501.27424928, [ '/minibee/data', 1, 0.52814066410065, 0.51226955652237, 0.50579905509949 ] ]
[ 4501.346924345, [ '/minibee/data', 1, 0.52814066410065, 0.51312416791916, 0.50616532564163 ] ]
[ 4501.409276418, [ '/minibee/data', 1, 0.5280185341835, 0.5136125087738, 0.50579905509949 ] ]
[ 4501.465022108, [ '/minibee/data', 1, 0.52838480472565, 0.51397877931595, 0.50531071424484 ] ]
[ 4501.528962452, [ '/minibee/data', 1, 0.5280185341835, 0.51239162683487, 0.50555485486984 ] ]
[ 4501.581279048, [ '/minibee/data', 1, 0.52826273441315, 0.51068246364594, 0.50628739595413 ] ]
[ 4501.643565978, [ '/minibee/data', 1, 0.52948355674744, 0.51287996768951, 0.50616532564163 ] ]
[ 4501.704632668, [ '/minibee/data', 1, 0.52838480472565, 0.51312416791916, 0.50592112541199 ] ]
[ 4501.775995818, [ '/minibee/data', 1, 0.52899521589279, 0.51312416791916, 0.5048223733902 ] ]
[ 4501.837381872, [ '/minibee/data', 1, 0.52923941612244, 0.51336830854416, 0.50579905509949 ] ]
[ 4501.899213741, [ '/minibee/data', 1, 0.52899521589279, 0.51129287481308, 0.50592112541199 ] ]
[ 4501.961792362, [ '/minibee/data', 1, 0.52911734580994, 0.51007205247879, 0.50579905509949 ] ]
[ 4502.034328681, [ '/minibee/data', 1, 0.52899521589279, 0.51104873418808, 0.50531071424484 ] ]
[ 4502.096571421, [ '/minibee/data', 1, 0.52875107526779, 0.51287996768951, 0.50555485486984 ] ]
[ 4502.159417265, [ '/minibee/data', 1, 0.52814066410065, 0.51287996768951, 0.50640946626663 ] ]
[ 4502.222450495, [ '/minibee/data', 1, 0.52838480472565, 0.51251375675201, 0.50531071424484 ] ]
[ 4502.285517229, [ '/minibee/data', 1, 0.527896463871, 0.51263582706451, 0.50567698478699 ] ]
[ 4502.345269692, [ '/minibee/data', 1, 0.527896463871, 0.51483333110809, 0.50640946626663 ] ]
[ 4502.4091589, [ '/minibee/data', 1, 0.527652323246, 0.51605421304703, 0.50518864393234 ] ]
[ 4502.461459443, [ '/minibee/data', 1, 0.52667564153671, 0.51507753133774, 0.50555485486984 ] ]
[ 4502.52353067, [ '/minibee/data', 1, 0.52728605270386, 0.51422291994095, 0.50555485486984 ] ]
[ 4502.58613139, [ '/minibee/data', 1, 0.52862900495529, 0.51336830854416, 0.5048223733902 ] ]
[ 4502.65868785, [ '/minibee/data', 1, 0.52936148643494, 0.51287996768951, 0.50531071424484 ] ]
[ 4502.721201576, [ '/minibee/data', 1, 0.52923941612244, 0.51214748620987, 0.5050665140152 ] ]
[ 4502.78352421, [ '/minibee/data', 1, 0.52960568666458, 0.51214748620987, 0.50445610284805 ] ]
[ 4502.846103013, [ '/minibee/data', 1, 0.53131484985352, 0.51129287481308, 0.5049444437027 ] ]
[ 4502.908570623, [ '/minibee/data', 1, 0.52887314558029, 0.51056039333344, 0.50531071424484 ] ]
[ 4502.971143672, [ '/minibee/data', 1, 0.52850687503815, 0.51092660427094, 0.50701987743378 ] ]
[ 4503.043764273, [ '/minibee/data', 1, 0.52899521589279, 0.51312416791916, 0.50531071424484 ] ]
[ 4503.105990642, [ '/minibee/data', 1, 0.52875107526779, 0.51263582706451, 0.5047003030777 ] ]
[ 4503.168152481, [ '/minibee/data', 1, 0.52826273441315, 0.51068246364594, 0.5050665140152 ] ]
[ 4503.225433919, [ '/minibee/data', 1, 0.52936148643494, 0.51117080450058, 0.50592112541199 ] ]
[ 4503.289179973, [ '/minibee/data', 1, 0.52814066410065, 0.51275789737701, 0.50677573680878 ] ]
[ 4503.341614184, [ '/minibee/data', 1, 0.52838480472565, 0.5136125087738, 0.50616532564163 ] ]
[ 4503.404411134, [ '/minibee/data', 1, 0.527896463871, 0.51410084962845, 0.50543278455734 ] ]
[ 4503.466917325, [ '/minibee/data', 1, 0.52899521589279, 0.51458919048309, 0.50567698478699 ] ]
[ 4503.539545733, [ '/minibee/data', 1, 0.527652323246, 0.5134904384613, 0.50701987743378 ] ]
[ 4503.601897108, [ '/minibee/data', 1, 0.52753019332886, 0.51336830854416, 0.50579905509949 ] ]
[ 4503.664166339, [ '/minibee/data', 1, 0.527896463871, 0.51434499025345, 0.50628739595413 ] ]
[ 4503.726505161, [ '/minibee/data', 1, 0.52704185247421, 0.51471126079559, 0.50616532564163 ] ]
[ 4503.788656282, [ '/minibee/data', 1, 0.5277743935585, 0.51422291994095, 0.50628739595413 ] ]
[ 4503.850971159, [ '/minibee/data', 1, 0.52875107526779, 0.51397877931595, 0.50567698478699 ] ]
[ 4503.923736241, [ '/minibee/data', 1, 0.52899521589279, 0.51226955652237, 0.50579905509949 ] ]
[ 4503.986124033, [ '/minibee/data', 1, 0.52948355674744, 0.51080453395844, 0.50604319572449 ] ]
[ 4504.041729305, [ '/minibee/data', 1, 0.52972775697708, 0.51019412279129, 0.50555485486984 ] ]
[ 4504.105448742, [ '/minibee/data', 1, 0.52923941612244, 0.50970578193665, 0.50653153657913 ] ]
[ 4504.157949708, [ '/minibee/data', 1, 0.52960568666458, 0.51068246364594, 0.50701987743378 ] ]
[ 4504.220223914, [ '/minibee/data', 1, 0.52862900495529, 0.51226955652237, 0.50640946626663 ] ]
[ 4504.282607197, [ '/minibee/data', 1, 0.52814066410065, 0.51239162683487, 0.50677573680878 ] ]
[ 4504.355429203, [ '/minibee/data', 1, 0.5277743935585, 0.5137345790863, 0.50665366649628 ] ]
[ 4504.417742965, [ '/minibee/data', 1, 0.5280185341835, 0.5136125087738, 0.50628739595413 ] ]
[ 4504.480120136, [ '/minibee/data', 1, 0.5280185341835, 0.51324623823166, 0.50726407766342 ] ]
[ 4504.542502292, [ '/minibee/data', 1, 0.5277743935585, 0.51300209760666, 0.50689780712128 ] ]
[ 4504.605232929, [ '/minibee/data', 1, 0.5277743935585, 0.5134904384613, 0.50665366649628 ] ]
[ 4504.668217067, [ '/minibee/data', 1, 0.52826273441315, 0.5136125087738, 0.50763034820557 ] ]
[ 4504.730565479, [ '/minibee/data', 1, 0.52191430330276, 0.51275789737701, 0.50457817316055 ] ]
[ 4504.803680909, [ '/minibee/data', 1, 0.52948355674744, 0.51300209760666, 0.50775241851807 ] ]
[ 4504.866574312, [ '/minibee/data', 1, 0.53143692016602, 0.5233793258667, 0.5049444437027 ] ]
[ 4504.922105438, [ '/minibee/data', 1, 0.52496641874313, 0.52264678478241, 0.50250273942947 ] ]
[ 4504.985606583, [ '/minibee/data', 1, 0.52582103013992, 0.51324623823166, 0.50677573680878 ] ]
[ 4505.037876572, [ '/minibee/data', 1, 0.52643144130707, 0.5090953707695, 0.50799655914307 ] ]
[ 4505.100064149, [ '/minibee/data', 1, 0.52728605270386, 0.51165914535522, 0.50579905509949 ] ]
[ 4505.16265056, [ '/minibee/data', 1, 0.52594310045242, 0.51300209760666, 0.50531071424484 ] ]
[ 4505.235263132, [ '/minibee/data', 1, 0.52850687503815, 0.51825171709061, 0.50958371162415 ] ]
[ 4505.297799781, [ '/minibee/data', 1, 0.55536562204361, 0.53387862443924, 0.53363448381424 ] ]
[ 4505.360402103, [ '/minibee/data', 1, 0.53387862443924, 0.5137345790863, 0.52472227811813 ] ]
[ 4505.423120585, [ '/minibee/data', 1, 0.52582103013992, 0.54572093486786, 0.53119277954102 ] ]
[ 4505.485671202, [ '/minibee/data', 1, 0.52167010307312, 0.54242461919785, 0.51190328598022 ] ]
[ 4505.548217396, [ '/minibee/data', 1, 0.52081555128098, 0.52911734580994, 0.51324623823166 ] ]
[ 4505.610421231, [ '/minibee/data', 1, 0.50640946626663, 0.50311315059662, 0.50079357624054 ] ]
[ 4505.682712845, [ '/minibee/data', 1, 0.49322426319122, 0.50701987743378, 0.51812964677811 ] ]
[ 4505.745169227, [ '/minibee/data', 1, 0.48504456877708, 0.49310219287872, 0.50042730569839 ] ]
[ 4505.807520172, [ '/minibee/data', 1, 0.47918447852135, 0.5048223733902, 0.51629835367203 ] ]
[ 4505.866026808, [ '/minibee/data', 1, 0.47381272912025, 0.50030523538589, 0.50274693965912 ] ]
[ 4505.930134479, [ '/minibee/data', 1, 0.46892932057381, 0.50518864393234, 0.50616532564163 ] ]
[ 4505.993755552, [ '/minibee/data', 1, 0.4624587893486, 0.50042730569839, 0.52472227811813 ] ]
[ 4506.045618991, [ '/minibee/data', 1, 0.4646563231945, 0.49322426319122, 0.5134904384613 ] ]
[ 4506.107870129, [ '/minibee/data', 1, 0.47039434313774, 0.50128191709518, 0.51312416791916 ] ]
[ 4506.170197654, [ '/minibee/data', 1, 0.472103536129, 0.50128191709518, 0.51214748620987 ] ]
[ 4506.242875603, [ '/minibee/data', 1, 0.47588816285133, 0.50201439857483, 0.5093395113945 ] ]
[ 4506.305962784, [ '/minibee/data', 1, 0.47710901498795, 0.50262480974197, 0.51056039333344 ] ]
[ 4506.368327748, [ '/minibee/data', 1, 0.4764986038208, 0.50384569168091, 0.51202541589737 ] ]
[ 4506.430836679, [ '/minibee/data', 1, 0.47710901498795, 0.5047003030777, 0.51239162683487 ] ]
[ 4506.493180654, [ '/minibee/data', 1, 0.47515565156937, 0.50567698478699, 0.51080453395844 ] ]
[ 4506.555470348, [ '/minibee/data', 1, 0.47527775168419, 0.50286900997162, 0.51080453395844 ] ]
[ 4506.627837491, [ '/minibee/data', 1, 0.47466731071472, 0.50030523538589, 0.50836282968521 ] ]
[ 4506.690000747, [ '/minibee/data', 1, 0.47161519527435, 0.50189232826233, 0.50982785224915 ] ]
[ 4506.752649364, [ '/minibee/data', 1, 0.4699060022831, 0.50372362136841, 0.51068246364594 ] ]
[ 4506.814956812, [ '/minibee/data', 1, 0.46660968661308, 0.5047003030777, 0.51141494512558 ] ]
[ 4506.874339377, [ '/minibee/data', 1, 0.46978390216827, 0.50811868906021, 0.50726407766342 ] ]
[ 4506.938437377, [ '/minibee/data', 1, 0.47015017271042, 0.50103771686554, 0.51019412279129 ] ]
[ 4506.99039005, [ '/minibee/data', 1, 0.4722256064415, 0.50299108028412, 0.50628739595413 ] ]
[ 4507.052836692, [ '/minibee/data', 1, 0.47295811772346, 0.4928580224514, 0.50433403253555 ] ]
[ 4507.115230618, [ '/minibee/data', 1, 0.47381272912025, 0.48785251379013, 0.50042730569839 ] ]
[ 4507.187906167, [ '/minibee/data', 1, 0.47308021783829, 0.48345744609833, 0.49627640843391 ] ]
[ 4507.25039569, [ '/minibee/data', 1, 0.47405689954758, 0.4810157418251, 0.49456721544266 ] ]
[ 4507.312609513, [ '/minibee/data', 1, 0.4743010699749, 0.47771945595741, 0.49652057886124 ] ]
[ 4507.374880662, [ '/minibee/data', 1, 0.47625443339348, 0.48113784193993, 0.49932852387428 ] ]
[ 4507.437266654, [ '/minibee/data', 1, 0.47515565156937, 0.48113784193993, 0.50335735082626 ] ]
[ 4507.499651146, [ '/minibee/data', 1, 0.47637650370598, 0.47613233327866, 0.50543278455734 ] ]
[ 4507.572072673, [ '/minibee/data', 1, 0.47491148114204, 0.48248076438904, 0.51043826341629 ] ]
[ 4507.634795796, [ '/minibee/data', 1, 0.47161519527435, 0.48931753635406, 0.50201439857483 ] ]
[ 4507.697368149, [ '/minibee/data', 1, 0.47063851356506, 0.51043826341629, 0.49664264917374 ] ]
[ 4507.754832109, [ '/minibee/data', 1, 0.46905139088631, 0.51178121566772, 0.49481138586998 ] ]
[ 4507.818452855, [ '/minibee/data', 1, 0.46868515014648, 0.50408983230591, 0.49847394227982 ] ]
[ 4507.88287837, [ '/minibee/data', 1, 0.46917349100113, 0.50994992256165, 0.49639847874641 ] ]
[ 4507.946440946, [ '/minibee/data', 1, 0.46917349100113, 0.50824075937271, 0.49847394227982 ] ]
[ 4508.010318677, [ '/minibee/data', 1, 0.46929556131363, 0.50958371162415, 0.49969479441643 ] ]
[ 4508.062770138, [ '/minibee/data', 1, 0.46929556131363, 0.509461581707, 0.49920645356178 ] ]
[ 4508.125092252, [ '/minibee/data', 1, 0.46966183185577, 0.509217441082, 0.4973751604557 ] ]
[ 4508.187435775, [ '/minibee/data', 1, 0.47161519527435, 0.50286900997162, 0.49835184216499 ] ]
[ 4508.259984906, [ '/minibee/data', 1, 0.47234770655632, 0.48834085464478, 0.50872910022736 ] ]
[ 4508.322476003, [ '/minibee/data', 1, 0.47149309515953, 0.48602125048637, 0.5090953707695 ] ]
[ 4508.384877444, [ '/minibee/data', 1, 0.47137102484703, 0.48382371664047, 0.50531071424484 ] ]
[ 4508.447200425, [ '/minibee/data', 1, 0.47344645857811, 0.48284703493118, 0.50604319572449 ] ]
[ 4508.509540507, [ '/minibee/data', 1, 0.47381272912025, 0.48211452364922, 0.50372362136841 ] ]
[ 4508.571814949, [ '/minibee/data', 1, 0.47320228815079, 0.48077157139778, 0.49920645356178 ] ]
[ 4508.644171289, [ '/minibee/data', 1, 0.47588816285133, 0.48345744609833, 0.5050665140152 ] ]
[ 4508.706521377, [ '/minibee/data', 1, 0.47637650370598, 0.48321327567101, 0.50018310546875 ] ]
[ 4508.762882667, [ '/minibee/data', 1, 0.47405689954758, 0.48162618279457, 0.50347942113876 ] ]
[ 4508.826918282, [ '/minibee/data', 1, 0.47356855869293, 0.48187035322189, 0.50115978717804 ] ]
[ 4508.890576921, [ '/minibee/data', 1, 0.47259187698364, 0.48418995738029, 0.50067144632339 ] ]
[ 4508.942488344, [ '/minibee/data', 1, 0.47356855869293, 0.4862654209137, 0.49761933088303 ] ]
[ 4509.005538451, [ '/minibee/data', 1, 0.472103536129, 0.48443412780762, 0.49908435344696 ] ]
[ 4509.068254085, [ '/minibee/data', 1, 0.47161519527435, 0.48272493481636, 0.50164812803268 ] ]
[ 4509.140913577, [ '/minibee/data', 1, 0.47344645857811, 0.48589915037155, 0.5048223733902 ] ]
[ 4509.203867994, [ '/minibee/data', 1, 0.47308021783829, 0.48797461390495, 0.50335735082626 ] ]
[ 4509.266737012, [ '/minibee/data', 1, 0.47100475430489, 0.49212551116943, 0.50189232826233 ] ]
[ 4509.471510237, [ '/minibee/data', 1, 0.46441215276718, 0.49810767173767, 0.50152605772018 ] ]
[ 4509.534543341, [ '/minibee/data', 1, 0.46306923031807, 0.50042730569839, 0.49981686472893 ] ]
[ 4509.596764935, [ '/minibee/data', 1, 0.46697595715523, 0.49957269430161, 0.49884018301964 ] ]
[ 4509.66957234, [ '/minibee/data', 1, 0.47295811772346, 0.49993896484375, 0.49981686472893 ] ]
[ 4509.732137723, [ '/minibee/data', 1, 0.46831887960434, 0.50189232826233, 0.49822977185249 ] ]
[ 4509.87576002, [ '/minibee/data', 1, 0.4624587893486, 0.50030523538589, 0.4972530901432 ] ]
[ 4509.9386888, [ '/minibee/data', 1, 0.46856305003166, 0.49945062398911, 0.49627640843391 ] ]
[ 4510.001256305, [ '/minibee/data', 1, 0.46917349100113, 0.49652057886124, 0.49566596746445 ] ]
[ 4510.063639988, [ '/minibee/data', 1, 0.46831887960434, 0.49456721544266, 0.49822977185249 ] ]
[ 4510.125995655, [ '/minibee/data', 1, 0.46880722045898, 0.49456721544266, 0.49761933088303 ] ]
[ 4510.188486518, [ '/minibee/data', 1, 0.46795263886452, 0.49371260404587, 0.49896228313446 ] ]
[ 4510.25152191, [ '/minibee/data', 1, 0.46868515014648, 0.49359053373337, 0.50128191709518 ] ]
[ 4510.315048269, [ '/minibee/data', 1, 0.47259187698364, 0.4929800927639, 0.50347942113876 ] ]
[ 4510.378892132, [ '/minibee/data', 1, 0.47271394729614, 0.49334636330605, 0.50360149145126 ] ]
[ 4510.431180314, [ '/minibee/data', 1, 0.47246977686882, 0.49224758148193, 0.50384569168091 ] ]
[ 4510.493805877, [ '/minibee/data', 1, 0.46648761630058, 0.48907336592674, 0.49957269430161 ] ]
[ 4510.556199044, [ '/minibee/data', 1, 0.47015017271042, 0.48980587720871, 0.50018310546875 ] ]
[ 4510.629105347, [ '/minibee/data', 1, 0.47356855869293, 0.4928580224514, 0.50311315059662 ] ]
[ 4510.691801968, [ '/minibee/data', 1, 0.47198143601418, 0.49249175190926, 0.50579905509949 ] ]
[ 4510.754418255, [ '/minibee/data', 1, 0.47039434313774, 0.48882919549942, 0.50640946626663 ] ]
[ 4510.816898493, [ '/minibee/data', 1, 0.46941766142845, 0.48687583208084, 0.50628739595413 ] ]
[ 4510.879307152, [ '/minibee/data', 1, 0.47112685441971, 0.48992797732353, 0.50579905509949 ] ]
[ 4510.941756665, [ '/minibee/data', 1, 0.47454524040222, 0.49151507019997, 0.50433403253555 ] ]
[ 4511.004078403, [ '/minibee/data', 1, 0.47320228815079, 0.48907336592674, 0.50177025794983 ] ]
[ 4511.076724591, [ '/minibee/data', 1, 0.47295811772346, 0.4884629547596, 0.50531071424484 ] ]
[ 4511.131739496, [ '/minibee/data', 1, 0.46966183185577, 0.48773044347763, 0.50445610284805 ] ]
[ 4511.195254686, [ '/minibee/data', 1, 0.46429008245468, 0.48992797732353, 0.50738614797592 ] ]
[ 4511.247022425, [ '/minibee/data', 1, 0.46648761630058, 0.49957269430161, 0.50201439857483 ] ]
[ 4511.3092803, [ '/minibee/data', 1, 0.47039434313774, 0.48773044347763, 0.4929800927639 ] ]
[ 4511.38164102, [ '/minibee/data', 1, 0.4788182079792, 0.48785251379013, 0.4973751604557 ] ]
[ 4511.444485889, [ '/minibee/data', 1, 0.48028323054314, 0.48553290963173, 0.49652057886124 ] ]
[ 4511.506776803, [ '/minibee/data', 1, 0.48394578695297, 0.49407887458801, 0.50103771686554 ] ]
[ 4511.56915463, [ '/minibee/data', 1, 0.47771945595741, 0.4884629547596, 0.50299108028412 ] ]
[ 4511.631991604, [ '/minibee/data', 1, 0.47808569669724, 0.49468928575516, 0.50457817316055 ] ]
[ 4511.694407646, [ '/minibee/data', 1, 0.47796362638474, 0.50299108028412, 0.49529972672462 ] ]
[ 4511.756811696, [ '/minibee/data', 1, 0.48077157139778, 0.50836282968521, 0.48443412780762 ] ]
[ 4511.829451135, [ '/minibee/data', 1, 0.47979488968849, 0.51153707504272, 0.48504456877708 ] ]
[ 4511.89206681, [ '/minibee/data', 1, 0.49053838849068, 0.51532167196274, 0.47698694467545 ] ]
[ 4511.954447429, [ '/minibee/data', 1, 0.48931753635406, 0.52252471446991, 0.47601026296616 ] ]
[ 4512.011870546, [ '/minibee/data', 1, 0.49542179703712, 0.51519960165024, 0.46551093459129 ] ]
[ 4512.075751605, [ '/minibee/data', 1, 0.50213646888733, 0.51947259902954, 0.47234770655632 ] ]
[ 4512.139476138, [ '/minibee/data', 1, 0.5047003030777, 0.52081555128098, 0.46868515014648 ] ]
[ 4512.191551521, [ '/minibee/data', 1, 0.51800757646561, 0.5137345790863, 0.47832986712456 ] ]
[ 4512.253757171, [ '/minibee/data', 1, 0.52936148643494, 0.51153707504272, 0.47906237840652 ] ]
[ 4512.316034721, [ '/minibee/data', 1, 0.53900623321533, 0.51849591732025, 0.47613233327866 ] ]
[ 4512.395662672, [ '/minibee/data', 1, 0.54938346147537, 0.51935052871704, 0.47991698980331 ] ]
[ 4512.459479946, [ '/minibee/data', 1, 0.55426687002182, 0.51642048358917, 0.47845196723938 ] ]
[ 4512.511704695, [ '/minibee/data', 1, 0.55097055435181, 0.51214748620987, 0.48675376176834 ] ]
[ 4512.594653406, [ '/minibee/data', 1, 0.54608714580536, 0.51483333110809, 0.490782558918 ] ]
[ 4512.657754588, [ '/minibee/data', 1, 0.53607618808746, 0.51971673965454, 0.49273592233658 ] ]
[ 4512.720269246, [ '/minibee/data', 1, 0.52838480472565, 0.51422291994095, 0.49151507019997 ] ]
[ 4512.77992284, [ '/minibee/data', 1, 0.51776337623596, 0.51007205247879, 0.48602125048637 ] ]
[ 4512.843681073, [ '/minibee/data', 1, 0.51226955652237, 0.51764130592346, 0.49163717031479 ] ]
[ 4512.895705514, [ '/minibee/data', 1, 0.51507753133774, 0.50836282968521, 0.4950555562973 ] ]
[ 4512.958152091, [ '/minibee/data', 1, 0.52167010307312, 0.50592112541199, 0.4972530901432 ] ]
[ 4513.02070621, [ '/minibee/data', 1, 0.53107070922852, 0.5049444437027, 0.49993896484375 ] ]
[ 4513.093556799, [ '/minibee/data', 1, 0.54059332609177, 0.5047003030777, 0.4973751604557 ] ]
[ 4513.155835046, [ '/minibee/data', 1, 0.55097055435181, 0.50128191709518, 0.50286900997162 ] ]
[ 4513.218710047, [ '/minibee/data', 1, 0.55915027856827, 0.50286900997162, 0.49871811270714 ] ]
[ 4513.281332336, [ '/minibee/data', 1, 0.55402272939682, 0.50006103515625, 0.50384569168091 ] ]
[ 4513.343445664, [ '/minibee/data', 1, 0.54718595743179, 0.50128191709518, 0.49945062398911 ] ]
[ 4513.406337773, [ '/minibee/data', 1, 0.53986084461212, 0.50164812803268, 0.50128191709518 ] ]
[ 4513.469075671, [ '/minibee/data', 1, 0.53448909521103, 0.5050665140152, 0.49932852387428 ] ]
[ 4513.541926918, [ '/minibee/data', 1, 0.52887314558029, 0.50567698478699, 0.49884018301964 ] ]
[ 4513.604850178, [ '/minibee/data', 1, 0.52386766672134, 0.5090953707695, 0.49932852387428 ] ]
[ 4513.667558166, [ '/minibee/data', 1, 0.52142596244812, 0.5093395113945, 0.50006103515625 ] ]
[ 4513.724235824, [ '/minibee/data', 1, 0.52240264415741, 0.51153707504272, 0.50030523538589 ] ]
[ 4513.788000863, [ '/minibee/data', 1, 0.52594310045242, 0.51190328598022, 0.50054937601089 ] ]
[ 4513.839909776, [ '/minibee/data', 1, 0.5233793258667, 0.51092660427094, 0.50006103515625 ] ]
[ 4513.902572967, [ '/minibee/data', 1, 0.51837384700775, 0.50958371162415, 0.50103771686554 ] ]
[ 4513.965205894, [ '/minibee/data', 1, 0.51727503538132, 0.51043826341629, 0.49957269430161 ] ]
[ 4514.03799691, [ '/minibee/data', 1, 0.52386766672134, 0.51251375675201, 0.50006103515625 ] ]
[ 4514.100320251, [ '/minibee/data', 1, 0.52691978216171, 0.51056039333344, 0.49981686472893 ] ]
[ 4514.162639511, [ '/minibee/data', 1, 0.53119277954102, 0.5136125087738, 0.50054937601089 ] ]
[ 4514.225168995, [ '/minibee/data', 1, 0.53216946125031, 0.51190328598022, 0.49993896484375 ] ]
[ 4514.287574291, [ '/minibee/data', 1, 0.53033816814423, 0.509461581707, 0.49786350131035 ] ]
[ 4514.349917965, [ '/minibee/data', 1, 0.53119277954102, 0.51092660427094, 0.49884018301964 ] ]
[ 4514.422403868, [ '/minibee/data', 1, 0.52948355674744, 0.50958371162415, 0.4972530901432 ] ]
[ 4514.484829331, [ '/minibee/data', 1, 0.53021609783173, 0.51092660427094, 0.49847394227982 ] ]
[ 4514.547376403, [ '/minibee/data', 1, 0.52728605270386, 0.5093395113945, 0.49774143099785 ] ]
[ 4514.604357374, [ '/minibee/data', 1, 0.52936148643494, 0.51092660427094, 0.49835184216499 ] ]
[ 4514.668353112, [ '/minibee/data', 1, 0.53021609783173, 0.50982785224915, 0.49859601259232 ] ]
[ 4514.720325918, [ '/minibee/data', 1, 0.53033816814423, 0.50994992256165, 0.49700891971588 ] ]
[ 4514.782673451, [ '/minibee/data', 1, 0.53070443868637, 0.5093395113945, 0.49688681960106 ] ]
[ 4514.845076898, [ '/minibee/data', 1, 0.53424489498138, 0.50958371162415, 0.49664264917374 ] ]
[ 4514.917577637, [ '/minibee/data', 1, 0.53546577692032, 0.51019412279129, 0.49676474928856 ] ]
[ 4514.980205143, [ '/minibee/data', 1, 0.53815162181854, 0.51019412279129, 0.49652057886124 ] ]
[ 4515.042554689, [ '/minibee/data', 1, 0.53888416290283, 0.50824075937271, 0.49676474928856 ] ]
[ 4515.104947596, [ '/minibee/data', 1, 0.53522157669067, 0.50775241851807, 0.49652057886124 ] ]
[ 4515.167299289, [ '/minibee/data', 1, 0.53180319070816, 0.50701987743378, 0.49676474928856 ] ]
[ 4515.229671221, [ '/minibee/data', 1, 0.53229153156281, 0.50763034820557, 0.49786350131035 ] ]
[ 4515.302245226, [ '/minibee/data', 1, 0.53509950637817, 0.50787448883057, 0.49749726057053 ] ]
[ 4515.364696688, [ '/minibee/data', 1, 0.53119277954102, 0.51043826341629, 0.49554389715195 ] ]
[ 4515.427108542, [ '/minibee/data', 1, 0.53522157669067, 0.50799655914307, 0.49798560142517 ] ]
[ 4515.48934866, [ '/minibee/data', 1, 0.53351241350174, 0.51031619310379, 0.49652057886124 ] ]
[ 4515.548628352, [ '/minibee/data', 1, 0.53192526102066, 0.50799655914307, 0.49822977185249 ] ]
[ 4515.612633956, [ '/minibee/data', 1, 0.527896463871, 0.51275789737701, 0.49371260404587 ] ]
[ 4515.664996164, [ '/minibee/data', 1, 0.52972775697708, 0.50872910022736, 0.49468928575516 ] ]
[ 4515.727469781, [ '/minibee/data', 1, 0.53021609783173, 0.51287996768951, 0.49346843361855 ] ]
[ 4515.789659635, [ '/minibee/data', 1, 0.53094857931137, 0.5049444437027, 0.49566596746445 ] ]
[ 4515.862033568, [ '/minibee/data', 1, 0.52887314558029, 0.50396776199341, 0.49810767173767 ] ]
[ 4516.108547675, [ '/minibee/data', 1, 0.53033816814423, 0.51519960165024, 0.50677573680878 ] ]
[ 4516.150316633, [ '/minibee/data', 1, 0.52960568666458, 0.52423393726349, 0.50714200735092 ] ]
[ 4516.192498754, [ '/minibee/data', 1, 0.53180319070816, 0.5235013961792, 0.5050665140152 ] ]
[ 4516.25491528, [ '/minibee/data', 1, 0.53180319070816, 0.52130389213562, 0.50616532564163 ] ]
[ 4516.317288328, [ '/minibee/data', 1, 0.53302407264709, 0.52044928073883, 0.50616532564163 ] ]
[ 4516.38969303, [ '/minibee/data', 1, 0.52997189760208, 0.52228057384491, 0.50421196222305 ] ]
[ 4516.452036682, [ '/minibee/data', 1, 0.52826273441315, 0.51971673965454, 0.50201439857483 ] ]
[ 4516.514422438, [ '/minibee/data', 1, 0.52582103013992, 0.51800757646561, 0.49993896484375 ] ]
[ 4516.576985185, [ '/minibee/data', 1, 0.5232572555542, 0.51581001281738, 0.49798560142517 ] ]
[ 4516.639075686, [ '/minibee/data', 1, 0.52374559640884, 0.51483333110809, 0.49322426319122 ] ]
[ 4516.701275514, [ '/minibee/data', 1, 0.52545475959778, 0.51446712017059, 0.49090465903282 ] ]
[ 4516.773949676, [ '/minibee/data', 1, 0.52582103013992, 0.51471126079559, 0.48980587720871 ] ]
[ 4516.83622467, [ '/minibee/data', 1, 0.52435600757599, 0.51422291994095, 0.4885850250721 ] ]
[ 4516.893104436, [ '/minibee/data', 1, 0.52594310045242, 0.5138566493988, 0.48663166165352 ] ]
[ 4516.957013541, [ '/minibee/data', 1, 0.52582103013992, 0.51300209760666, 0.48565497994423 ] ]
[ 4517.020705726, [ '/minibee/data', 1, 0.52704185247421, 0.51239162683487, 0.48443412780762 ] ]
[ 4517.072681537, [ '/minibee/data', 1, 0.52630937099457, 0.51117080450058, 0.48406788706779 ] ]
[ 4517.135047834, [ '/minibee/data', 1, 0.52643144130707, 0.51007205247879, 0.48418995738029 ] ]
[ 4517.197213853, [ '/minibee/data', 1, 0.52630937099457, 0.50824075937271, 0.48431205749512 ] ]
[ 4517.270056834, [ '/minibee/data', 1, 0.52533268928528, 0.50653153657913, 0.48516663908958 ] ]
[ 4517.332500883, [ '/minibee/data', 1, 0.52374559640884, 0.50640946626663, 0.48553290963173 ] ]
[ 4517.394902079, [ '/minibee/data', 1, 0.52142596244812, 0.50677573680878, 0.49005004763603 ] ]
[ 4517.457827338, [ '/minibee/data', 1, 0.52435600757599, 0.50384569168091, 0.49249175190926 ] ]
[ 4517.520614752, [ '/minibee/data', 1, 0.52716398239136, 0.50714200735092, 0.49175924062729 ] ]
[ 4517.583002292, [ '/minibee/data', 1, 0.52948355674744, 0.50555485486984, 0.47808569669724 ] ]
[ 4517.655979316, [ '/minibee/data', 1, 0.53607618808746, 0.50457817316055, 0.4863874912262 ] ]
[ 4517.718766012, [ '/minibee/data', 1, 0.53680866956711, 0.5049444437027, 0.48712000250816 ] ]
[ 4517.781133012, [ '/minibee/data', 1, 0.53326821327209, 0.50177025794983, 0.49005004763603 ] ]
[ 4517.837219107, [ '/minibee/data', 1, 0.52997189760208, 0.50030523538589, 0.49236968159676 ] ]
[ 4517.901007686, [ '/minibee/data', 1, 0.52655351161957, 0.49810767173767, 0.49139299988747 ] ]
[ 4517.953626951, [ '/minibee/data', 1, 0.52582103013992, 0.50408983230591, 0.49127089977264 ] ]
[ 4518.016361247, [ '/minibee/data', 1, 0.52484434843063, 0.50653153657913, 0.490782558918 ] ]
[ 4518.078780831, [ '/minibee/data', 1, 0.52606517076492, 0.50103771686554, 0.48467829823494 ] ]
[ 4518.15103311, [ '/minibee/data', 1, 0.52508848905563, 0.52460014820099, 0.49798560142517 ] ]
[ 4518.213813537, [ '/minibee/data', 1, 0.52301305532455, 0.51849591732025, 0.48650959134102 ] ]
[ 4518.275935766, [ '/minibee/data', 1, 0.51959466934204, 0.51581001281738, 0.47894030809402 ] ]
[ 4518.420231277, [ '/minibee/data', 1, 0.50970578193665, 0.53619825839996, 0.47991698980331 ] ]
[ 4518.483740292, [ '/minibee/data', 1, 0.51239162683487, 0.51959466934204, 0.47784152626991 ] ]
[ 4518.54603931, [ '/minibee/data', 1, 0.50067144632339, 0.52228057384491, 0.47320228815079 ] ]
[ 4518.60857359, [ '/minibee/data', 1, 0.49603223800659, 0.52496641874313, 0.47503358125687 ] ]
[ 4518.671610439, [ '/minibee/data', 1, 0.49566596746445, 0.51690882444382, 0.47112685441971 ] ]
[ 4518.733888212, [ '/minibee/data', 1, 0.48614332079887, 0.51666462421417, 0.47369062900543 ] ]
[ 4518.806934594, [ '/minibee/data', 1, 0.48370161652565, 0.51617628335953, 0.47466731071472 ] ]
[ 4518.861836626, [ '/minibee/data', 1, 0.48028323054314, 0.51251375675201, 0.47735318541527 ] ]
[ 4518.925290311, [ '/minibee/data', 1, 0.47686484456062, 0.51214748620987, 0.47991698980331 ] ]
[ 4518.977712113, [ '/minibee/data', 1, 0.47393479943275, 0.50860702991486, 0.48773044347763 ] ]
[ 4519.040053919, [ '/minibee/data', 1, 0.47051641345024, 0.5093395113945, 0.48956170678139 ] ]
[ 4519.102354844, [ '/minibee/data', 1, 0.46795263886452, 0.50738614797592, 0.49224758148193 ] ]
[ 4519.174680786, [ '/minibee/data', 1, 0.46575510501862, 0.50518864393234, 0.50372362136841 ] ]
[ 4519.236847312, [ '/minibee/data', 1, 0.46648761630058, 0.50177025794983, 0.49896228313446 ] ]
[ 4519.299166722, [ '/minibee/data', 1, 0.46526676416397, 0.49700891971588, 0.51056039333344 ] ]
[ 4519.361510526, [ '/minibee/data', 1, 0.46966183185577, 0.49346843361855, 0.51190328598022 ] ]
[ 4519.424768171, [ '/minibee/data', 1, 0.46966183185577, 0.50103771686554, 0.51544380187988 ] ]
[ 4519.487033647, [ '/minibee/data', 1, 0.47686484456062, 0.49652057886124, 0.52044928073883 ] ]
[ 4519.559406949, [ '/minibee/data', 1, 0.47686484456062, 0.49005004763603, 0.51800757646561 ] ]
[ 4519.622483622, [ '/minibee/data', 1, 0.48003906011581, 0.49468928575516, 0.51715296506882 ] ]
[ 4519.684913738, [ '/minibee/data', 1, 0.47845196723938, 0.49749726057053, 0.51703089475632 ] ]
[ 4519.741851717, [ '/minibee/data', 1, 0.47906237840652, 0.49871811270714, 0.51800757646561 ] ]
[ 4519.805494379, [ '/minibee/data', 1, 0.48052740097046, 0.49908435344696, 0.51568794250488 ] ]
[ 4519.857406645, [ '/minibee/data', 1, 0.47942864894867, 0.49468928575516, 0.51727503538132 ] ]
[ 4519.91987308, [ '/minibee/data', 1, 0.47674277424812, 0.4951776266098, 0.5137345790863 ] ]
[ 4519.982299953, [ '/minibee/data', 1, 0.47454524040222, 0.49212551116943, 0.50958371162415 ] ]
[ 4520.055138236, [ '/minibee/data', 1, 0.47515565156937, 0.48260286450386, 0.50628739595413 ] ]
[ 4520.117426883, [ '/minibee/data', 1, 0.4766206741333, 0.47808569669724, 0.50006103515625 ] ]
[ 4520.179830419, [ '/minibee/data', 1, 0.48174825310707, 0.48125991225243, 0.49395677447319 ] ]
[ 4520.242078183, [ '/minibee/data', 1, 0.48467829823494, 0.48223659396172, 0.49542179703712 ] ]
[ 4520.304383475, [ '/minibee/data', 1, 0.48455622792244, 0.48382371664047, 0.49444511532784 ] ]
[ 4520.478424663, [ '/minibee/data', 1, 0.47930654883385, 0.48834085464478, 0.49835184216499 ] ]
[ 4520.510491188, [ '/minibee/data', 1, 0.48138201236725, 0.49200341105461, 0.50140398740768 ] ]
[ 4520.577919492, [ '/minibee/data', 1, 0.48174825310707, 0.4928580224514, 0.50543278455734 ] ]
[ 4520.640336216, [ '/minibee/data', 1, 0.49261385202408, 0.49859601259232, 0.51239162683487 ] ]
[ 4520.702557793, [ '/minibee/data', 1, 0.49188134074211, 0.50677573680878, 0.52435600757599 ] ]
[ 4520.775288303, [ '/minibee/data', 1, 0.48553290963173, 0.51471126079559, 0.51410084962845 ] ]
[ 4520.837483858, [ '/minibee/data', 1, 0.52411180734634, 0.50848489999771, 0.54486632347107 ] ]
[ 4520.899950642, [ '/minibee/data', 1, 0.52057135105133, 0.55231350660324, 0.53461116552353 ] ]
[ 4520.962665354, [ '/minibee/data', 1, 0.52118176221848, 0.52044928073883, 0.53400075435638 ] ]
[ 4521.025265018, [ '/minibee/data', 1, 0.52594310045242, 0.53473323583603, 0.51666462421417 ] ]
[ 4521.087763, [ '/minibee/data', 1, 0.53925037384033, 0.51239162683487, 0.527652323246 ] ]
[ 4521.150027109, [ '/minibee/data', 1, 0.52862900495529, 0.51324623823166, 0.52130389213562 ] ]
[ 4521.214038624, [ '/minibee/data', 1, 0.52179223299026, 0.52923941612244, 0.50531071424484 ] ]
[ 4521.26634053, [ '/minibee/data', 1, 0.53058236837387, 0.52838480472565, 0.50372362136841 ] ]
[ 4521.328723145, [ '/minibee/data', 1, 0.51617628335953, 0.51581001281738, 0.5048223733902 ] ]
[ 4521.391365733, [ '/minibee/data', 1, 0.52606517076492, 0.51312416791916, 0.49542179703712 ] ]
[ 4521.464636474, [ '/minibee/data', 1, 0.546331346035, 0.52838480472565, 0.50262480974197 ] ]
[ 4521.526985766, [ '/minibee/data', 1, 0.54022705554962, 0.53143692016602, 0.49383470416069 ] ]
[ 4521.58924258, [ '/minibee/data', 1, 0.51605421304703, 0.53375655412674, 0.47979488968849 ] ]
[ 4521.651676379, [ '/minibee/data', 1, 0.51593214273453, 0.51324623823166, 0.47161519527435 ] ]
[ 4521.713666533, [ '/minibee/data', 1, 0.5232572555542, 0.51800757646561, 0.47234770655632 ] ]
[ 4521.776240767, [ '/minibee/data', 1, 0.51971673965454, 0.5137345790863, 0.48162618279457 ] ]
[ 4521.838783806, [ '/minibee/data', 1, 0.51471126079559, 0.51983886957169, 0.48113784193993 ] ]
[ 4521.911056827, [ '/minibee/data', 1, 0.51458919048309, 0.52301305532455, 0.48382371664047 ] ]
[ 4521.9738913, [ '/minibee/data', 1, 0.5191063284874, 0.52569895982742, 0.48223659396172 ] ]
[ 4522.036750659, [ '/minibee/data', 1, 0.51678669452667, 0.52093762159348, 0.4808936715126 ] ]
[ 4522.094422659, [ '/minibee/data', 1, 0.51165914535522, 0.5233793258667, 0.48773044347763 ] ]
[ 4522.158082349, [ '/minibee/data', 1, 0.5134904384613, 0.52142596244812, 0.4810157418251 ] ]
[ 4522.21076359, [ '/minibee/data', 1, 0.52313512563705, 0.5232572555542, 0.49871811270714 ] ]
[ 4522.273120446, [ '/minibee/data', 1, 0.51788550615311, 0.53436696529388, 0.47857403755188 ] ]
[ 4522.335568789, [ '/minibee/data', 1, 0.51739716529846, 0.52081555128098, 0.4788182079792 ] ]
[ 4522.408244404, [ '/minibee/data', 1, 0.51214748620987, 0.52118176221848, 0.4744231402874 ] ]
[ 4522.471243025, [ '/minibee/data', 1, 0.509461581707, 0.52301305532455, 0.48614332079887 ] ]
[ 4522.533831496, [ '/minibee/data', 1, 0.51226955652237, 0.51800757646561, 0.48809668421745 ] ]
[ 4522.596297922, [ '/minibee/data', 1, 0.51214748620987, 0.53082650899887, 0.48565497994423 ] ]
[ 4522.65906538, [ '/minibee/data', 1, 0.51226955652237, 0.53448909521103, 0.48882919549942 ] ]
[ 4522.721804822, [ '/minibee/data', 1, 0.51422291994095, 0.53046023845673, 0.4972530901432 ] ]
[ 4522.784408747, [ '/minibee/data', 1, 0.51507753133774, 0.5236234664917, 0.5048223733902 ] ]
[ 4522.857256729, [ '/minibee/data', 1, 0.51287996768951, 0.52826273441315, 0.50079357624054 ] ]
[ 4522.920197685, [ '/minibee/data', 1, 0.51031619310379, 0.53277987241745, 0.49932852387428 ] ]
[ 4522.97477393, [ '/minibee/data', 1, 0.50982785224915, 0.52484434843063, 0.49920645356178 ] ]
[ 4523.038281954, [ '/minibee/data', 1, 0.51251375675201, 0.53033816814423, 0.49639847874641 ] ]
[ 4523.090206278, [ '/minibee/data', 1, 0.5134904384613, 0.52875107526779, 0.49578806757927 ] ]
[ 4523.152963962, [ '/minibee/data', 1, 0.51056039333344, 0.52899521589279, 0.48309120535851 ] ]
[ 4523.215989215, [ '/minibee/data', 1, 0.51178121566772, 0.52923941612244, 0.48418995738029 ] ]
[ 4523.288586654, [ '/minibee/data', 1, 0.51642048358917, 0.527652323246, 0.48931753635406 ] ]
[ 4523.350877519, [ '/minibee/data', 1, 0.51605421304703, 0.52606517076492, 0.48675376176834 ] ]
[ 4523.413631274, [ '/minibee/data', 1, 0.51471126079559, 0.52887314558029, 0.48699793219566 ] ]
[ 4523.476049603, [ '/minibee/data', 1, 0.51165914535522, 0.52264678478241, 0.4808936715126 ] ]
[ 4523.538228449, [ '/minibee/data', 1, 0.51202541589737, 0.52301305532455, 0.47552192211151 ] ]
[ 4523.600456907, [ '/minibee/data', 1, 0.51226955652237, 0.51495546102524, 0.47564399242401 ] ]
[ 4523.672609794, [ '/minibee/data', 1, 0.51202541589737, 0.52228057384491, 0.48040533065796 ] ]
[ 4523.734867419, [ '/minibee/data', 1, 0.51043826341629, 0.52008301019669, 0.47820779681206 ] ]
[ 4523.797800502, [ '/minibee/data', 1, 0.509461581707, 0.5191063284874, 0.47320228815079 ] ]
[ 4523.854859438, [ '/minibee/data', 1, 0.51336830854416, 0.52398973703384, 0.47576609253883 ] ]
[ 4523.918641071, [ '/minibee/data', 1, 0.51300209760666, 0.51287996768951, 0.47796362638474 ] ]
[ 4523.971506769, [ '/minibee/data', 1, 0.5134904384613, 0.5236234664917, 0.47820779681206 ] ]
[ 4524.033635137, [ '/minibee/data', 1, 0.5134904384613, 0.51959466934204, 0.4786961376667 ] ]
[ 4524.095810404, [ '/minibee/data', 1, 0.51324623823166, 0.52081555128098, 0.48016116023064 ] ]
[ 4524.168396298, [ '/minibee/data', 1, 0.51300209760666, 0.52008301019669, 0.47845196723938 ] ]
[ 4524.230773652, [ '/minibee/data', 1, 0.51239162683487, 0.5189842581749, 0.47820779681206 ] ]
[ 4524.293021129, [ '/minibee/data', 1, 0.51410084962845, 0.52460014820099, 0.4764986038208 ] ]
[ 4524.355329383, [ '/minibee/data', 1, 0.51336830854416, 0.51788550615311, 0.47955071926117 ] ]
[ 4524.417808228, [ '/minibee/data', 1, 0.51581001281738, 0.52044928073883, 0.47967281937599 ] ]
[ 4524.480380302, [ '/minibee/data', 1, 0.51214748620987, 0.52020508050919, 0.47808569669724 ] ]
[ 4524.552994277, [ '/minibee/data', 1, 0.51471126079559, 0.51971673965454, 0.4786961376667 ] ]
[ 4524.615245163, [ '/minibee/data', 1, 0.51519960165024, 0.51935052871704, 0.47832986712456 ] ]
[ 4524.677743094, [ '/minibee/data', 1, 0.51593214273453, 0.52276891469955, 0.47930654883385 ] ]
