[ 80787.459118695, [ '/status.reply', 1, 10, 1, 2, 114, 0.51743292808533, 0.57121634483337, 48000.0, 47997.712363556 ] ]
[ 80788.163110313, [ '/status.reply', 1, 10, 1, 2, 114, 0.49507418274879, 0.49889147281647, 48000.0, 47997.712363556 ] ]
[ 80788.866675751, [ '/status.reply', 1, 10, 1, 2, 114, 0.55986315011978, 0.57707440853119, 48000.0, 47999.321589522 ] ]
[ 80789.549347282, [ '/status.reply', 1, 10, 1, 2, 114, 0.61536943912506, 0.62604254484177, 48000.0, 47999.187483236 ] ]
[ 80790.253775263, [ '/status.reply', 1, 10, 1, 2, 114, 0.63993221521378, 0.64349627494812, 48000.0, 47997.712363556 ] ]
[ 80790.957613355, [ '/status.reply', 1, 10, 1, 2, 114, 0.65846729278564, 0.6615959405899, 48000.0, 47998.382861262 ] ]
[ 80791.661834995, [ '/status.reply', 1, 10, 1, 2, 114, 0.65724045038223, 0.65658503770828, 48000.0, 47997.578266263 ] ]
[ 80792.365357168, [ '/status.reply', 1, 10, 1, 2, 114, 0.65646427869797, 0.65658503770828, 48000.0, 47999.187483236 ] ]
[ 80793.069916341, [ '/status.reply', 1, 10, 1, 2, 114, 0.65635174512863, 0.65642201900482, 48000.0, 47997.310073924 ] ]
[ 80793.773392522, [ '/status.reply', 1, 10, 1, 2, 114, 0.66465455293655, 0.6656756401062, 48000.0, 47999.053377701 ] ]
[ 80794.47770008, [ '/status.reply', 1, 10, 1, 2, 114, 0.65294694900513, 0.65159153938293, 48000.0, 47997.98056039 ] ]
[ 80795.181497463, [ '/status.reply', 1, 10, 1, 2, 114, 0.66230517625809, 0.66330111026764, 48000.0, 47998.785168877 ] ]
[ 80795.864003427, [ '/status.reply', 1, 10, 1, 2, 114, 0.6707376241684, 0.67149835824966, 48000.0, 47999.455696556 ] ]
[ 80796.568538227, [ '/status.reply', 1, 10, 1, 2, 114, 0.62779837846756, 0.6240359544754, 48000.0, 47997.578266263 ] ]
[ 80797.271968575, [ '/status.reply', 1, 10, 1, 2, 114, 0.63475579023361, 0.63545960187912, 48000.0, 47999.58980434 ] ]
[ 80797.976472447, [ '/status.reply', 1, 10, 1, 2, 114, 0.65174460411072, 0.65289270877838, 48000.0, 47997.578266263 ] ]
[ 80798.68038505, [ '/status.reply', 1, 10, 1, 2, 114, 0.66768842935562, 0.66863960027695, 48000.0, 47998.248760222 ] ]
[ 80799.384368545, [ '/status.reply', 1, 10, 1, 2, 114, 0.6649666428566, 0.66479480266571, 48000.0, 47998.248760222 ] ]
[ 80800.088457445, [ '/status.reply', 1, 10, 1, 2, 114, 0.67189961671829, 0.6722452044487, 48000.0, 47997.98056039 ] ]
[ 80800.792126171, [ '/status.reply', 1, 10, 1, 2, 114, 0.66682630777359, 0.66659760475159, 48000.0, 47999.187483236 ] ]
[ 80801.4753066, [ '/status.reply', 1, 10, 1, 2, 114, 0.66839051246643, 0.66846168041229, 48000.0, 47997.310073924 ] ]
