[ 42257.362728549, [ /status.reply, 1, 10, 1, 2, 114, 0.63620638847351, 0.63786971569061, 48000.0, 47999.187483236 ] ]
[ 42258.045890422, [ /status.reply, 1, 10, 1, 2, 114, 0.65349513292313, 0.66347056627274, 48000.0, 47997.578266263 ] ]
[ 42258.749275143, [ /status.reply, 1, 10, 1, 2, 114, 0.67608046531677, 0.68330430984497, 48000.0, 47999.723912873 ] ]
[ 42259.453423391, [ /status.reply, 1, 10, 1, 2, 114, 0.68023556470871, 0.68330430984497, 48000.0, 47999.321589522 ] ]
[ 42260.15795432, [ /status.reply, 1, 10, 1, 2, 114, 0.68947559595108, 0.69349026679993, 48000.0, 47997.712363556 ] ]
[ 42260.861825462, [ /status.reply, 1, 10, 1, 2, 114, 0.68822205066681, 0.69349026679993, 48000.0, 47997.846461599 ] ]
[ 42261.565221953, [ /status.reply, 1, 10, 1, 2, 114, 0.70929181575775, 0.71595960855484, 48000.0, 47999.858022156 ] ]
[ 42262.248325751, [ /status.reply, 1, 10, 1, 2, 114, 0.69813346862793, 0.71595960855484, 48000.0, 47998.248760222 ] ]
[ 42262.952502491, [ /status.reply, 1, 10, 1, 2, 114, 0.697265625, 0.69814038276672, 48000.0, 47997.578266263 ] ]
[ 42263.656085579, [ /status.reply, 1, 10, 1, 2, 114, 0.69823831319809, 0.69829380512238, 48000.0, 47999.187483236 ] ]
[ 42264.360292435, [ /status.reply, 1, 10, 1, 2, 114, 0.68859201669693, 0.68665224313736, 48000.0, 47998.382861262 ] ]
[ 42265.064144536, [ /status.reply, 1, 10, 1, 2, 114, 0.70566815137863, 0.7089558839798, 48000.0, 47998.248760222 ] ]
[ 42265.768018775, [ /status.reply, 1, 10, 1, 2, 114, 0.67390382289886, 0.66854673624039, 48000.0, 47999.321589522 ] ]
[ 42266.472048422, [ /status.reply, 1, 10, 1, 2, 114, 0.67566925287247, 0.67646658420563, 48000.0, 47998.785168877 ] ]
